-1.219999999999994700e-02
-8.179999999999999494e-01
-1.569599999999999884e+00
-2.020999999999999908e+00
-2.314200000000000035e+00
-2.461600000000000232e+00
-2.562200000000000699e+00
-2.643600000000000172e+00
-2.757400000000000073e+00
-2.789600000000001412e+00
-2.794999999999999929e+00
-2.846599999999999575e+00
-2.890799999999999592e+00
-2.903199999999999115e+00
-2.922800000000000065e+00
-2.938799999999999635e+00
-2.944799999999999862e+00
-2.991999999999999993e+00
-2.989600000000000257e+00
-2.983000000000000984e+00
-3.001200000000000756e+00
-2.989800000000000235e+00
-3.007600000000000051e+00
-3.047200000000000575e+00
-3.018600000000000172e+00
-2.981799999999999784e+00
-3.045799999999999841e+00
-3.011000000000000565e+00
-3.027800000000000047e+00
-3.001600000000000268e+00
-3.009799999999999809e+00
-2.998199999999999754e+00
-3.054000000000000714e+00
-3.056799999999999518e+00
-3.075599999999999667e+00
-3.053799999999999848e+00
-3.034599999999999298e+00
-3.069800000000000306e+00
-3.040599999999999525e+00
-3.024999999999999467e+00
-3.034000000000000252e+00
-3.088599999999999568e+00
-3.061799999999999855e+00
-3.013400000000000745e+00
-3.061600000000000321e+00
-3.088999999999999524e+00
-3.050000000000000266e+00
-3.059999999999999609e+00
-3.024199999999999999e+00
-3.081800000000000317e+00
-3.061800000000000743e+00
-3.072600000000000886e+00
-3.062199999999999811e+00
-3.035800000000000054e+00
-3.044600000000000861e+00
-3.052999999999999936e+00
-3.057399999999999896e+00
-3.042800000000000171e+00
-3.069799999999999418e+00
-3.063600000000000101e+00
-3.102400000000000713e+00
-3.047000000000000153e+00
-3.035200000000000564e+00
-3.040599999999999969e+00
-3.068999999999999506e+00
-3.096600000000000907e+00
-3.068599999999999994e+00
-3.113399999999999945e+00
-3.040599999999999081e+00
-3.049600000000000755e+00
-3.079999999999999627e+00
-3.059199999999999697e+00
-3.061600000000000765e+00
-3.069799999999999418e+00
-3.077799999999999869e+00
-3.099599999999999689e+00
-3.073999999999999844e+00
-3.075000000000000178e+00
-3.096000000000000529e+00
-3.077599999999999447e+00
-3.090400000000000258e+00
-3.057799999999999851e+00
-3.073000000000000398e+00
-3.061800000000000299e+00
-3.117599999999999483e+00
-3.061400000000000343e+00
-3.055200000000000138e+00
-3.057999999999999829e+00
-3.087000000000000188e+00
-3.051800000000000068e+00
-3.083199999999999275e+00
-3.066000000000000281e+00
-3.090599999999999792e+00
-3.100800000000000445e+00
-3.085799999999999432e+00
-3.076799999999999979e+00
-3.089199999999999946e+00
-3.103600000000000136e+00
-3.087400000000000144e+00
-3.076799999999999979e+00
-3.063200000000000145e+00
-3.092600000000000016e+00
-3.062600000000000655e+00
-3.085399999999999920e+00
-3.082799999999999763e+00
-3.089999999999999858e+00
-3.079599999999999671e+00
-3.089199999999999502e+00
-3.082799999999999763e+00
-3.103999999999999204e+00
-3.054399999999999338e+00
-3.078800000000000203e+00
-3.080600000000000449e+00
-3.093799999999998995e+00
-3.075600000000000112e+00
-3.085600000000000342e+00
-3.082999999999999741e+00
-3.051400000000000112e+00
-3.063400000000001011e+00
-3.091400000000000148e+00
-3.066000000000000281e+00
-3.098599999999999799e+00
-3.103800000000000114e+00
-3.089399999999999480e+00
-3.106800000000000672e+00
-3.084799999999999542e+00
-3.083400000000000141e+00
-3.080800000000000871e+00
-3.094000000000000306e+00
-3.090599999999999348e+00
-3.087400000000000144e+00
-3.065799999999999415e+00
-3.079199999999999715e+00
-3.068400000000000460e+00
-3.076199999999998713e+00
-3.073199999999999044e+00
-3.105199999999999960e+00
-3.113599999999999923e+00
-3.093599999999999905e+00
-3.094200000000000284e+00
-3.076399999999999579e+00
-3.074199999999999378e+00
-3.073600000000000776e+00
-3.086799999999999766e+00
-3.063799999999999635e+00
-3.072399999999999576e+00
-3.062599999999999323e+00
-3.093800000000000328e+00
-3.082200000000001161e+00
-3.097200000000000841e+00
-3.091600000000000570e+00
-3.061999999999999833e+00
-3.072599999999999998e+00
-3.092000000000000082e+00
-3.077799999999999869e+00
-3.092799999999999550e+00
-3.112199999999998745e+00
-3.083999999999999631e+00
-3.079200000000000159e+00
-3.113199999999999523e+00
-3.109400000000000830e+00
-3.087800000000000100e+00
-3.101199999999999513e+00
-3.074200000000000710e+00
-3.092599999999999127e+00
-3.069000000000000838e+00
-3.072799999999999976e+00
-3.104000000000000092e+00
-3.076400000000000023e+00
-3.087000000000000632e+00
-3.121400000000000396e+00
-3.097999999999999865e+00
-3.091800000000000104e+00
-3.091399999999999260e+00
-3.091600000000000570e+00
-3.098599999999999355e+00
-3.124000000000000554e+00
-3.108800000000000896e+00
-3.090999999999999748e+00
-3.104599999999999582e+00
-3.052600000000000424e+00
-3.087000000000000632e+00
-3.111200000000000632e+00
-3.109999999999999876e+00
-3.101399999999999935e+00
-3.089999999999999858e+00
-3.114799999999999347e+00
-3.100599999999999579e+00
-3.100200000000000511e+00
-3.103399999999999714e+00
-3.102199999999999847e+00
-3.116999999999999993e+00
-3.081799999999999873e+00
-3.090399999999999814e+00
-3.101200000000000401e+00
-3.093199999999999950e+00
-3.125799999999999468e+00
-3.078800000000000647e+00
-3.118400000000000283e+00
-3.072599999999999554e+00
-3.082199999999999829e+00
-3.114600000000000257e+00
-3.057599999999999429e+00
-3.103199999999999292e+00
-3.111199999999999299e+00
-3.087999999999998746e+00
-3.106999999999999318e+00
-3.093200000000000394e+00
-3.083199999999999719e+00
-3.114199999999999413e+00
-3.099800000000000111e+00
-3.068999999999999062e+00
-3.107599999999999696e+00
-3.071000000000000174e+00
-3.111200000000000632e+00
-3.078800000000000203e+00
-3.082800000000000207e+00
-3.120200000000000529e+00
-3.126400000000000290e+00
-3.086399999999999366e+00
-3.070599999999999774e+00
-3.092400000000000482e+00
-3.105999999999998984e+00
-3.094199999999999395e+00
-3.069600000000000328e+00
-3.112999999999999545e+00
-3.089199999999999058e+00
-3.090200000000000280e+00
-3.113199999999999079e+00
-3.111600000000000144e+00
-3.101800000000000779e+00
-3.097600000000000353e+00
-3.088999999999999968e+00
-3.098800000000000221e+00
-3.087599999999999678e+00
-3.121200000000000419e+00
-3.075800000000000090e+00
-3.119200000000000195e+00
-3.075600000000000112e+00
-3.083199999999999719e+00
-3.076400000000000912e+00
-3.084000000000000519e+00
-3.086400000000000254e+00
-3.056400000000000006e+00
-3.089999999999999858e+00
-3.100800000000000001e+00
-3.129599999999999937e+00
-3.094799999999999329e+00
-3.069799999999999862e+00
-3.110200000000000298e+00
-3.099599999999999689e+00
-3.090599999999999792e+00
-3.096799999999999997e+00
-3.133000000000000895e+00
-3.098200000000000287e+00
-3.135399999999999743e+00
-3.088199999999999612e+00
-3.106200000000000738e+00
-3.087399999999999700e+00
-3.094999999999999751e+00
-3.096600000000000019e+00
-3.089000000000000412e+00
-3.088600000000000456e+00
-3.099999999999999645e+00
-3.090400000000000258e+00
-3.117600000000000371e+00
-3.091000000000000192e+00
-3.112199999999999633e+00
-3.108199999999999630e+00
-3.065200000000000813e+00
-3.089999999999999414e+00
-3.083400000000000141e+00
-3.100800000000000445e+00
-3.109799999999999898e+00
-3.088000000000000078e+00
-3.069600000000000328e+00
-3.090199999999999392e+00
-3.111800000000000566e+00
-3.081199999999999051e+00
-3.114399999999999391e+00
-3.084200000000000053e+00
-3.083799999999999653e+00
-3.091400000000000148e+00
-3.104400000000000048e+00
-3.109000000000000430e+00
-3.100399999999999601e+00
-3.098000000000000753e+00
-3.097199999999999509e+00
-3.125199999999999534e+00
-3.100200000000000067e+00
-3.113400000000000389e+00
-3.084799999999999986e+00
-3.100800000000000001e+00
-3.119200000000000195e+00
-3.110399999999999832e+00
-3.120000000000000107e+00
-3.104400000000000936e+00
-3.088600000000000012e+00
-3.088200000000000056e+00
-3.115800000000000125e+00
-3.115800000000001013e+00
-3.096999999999999531e+00
-3.091200000000000614e+00
-3.123199999999999754e+00
-3.089599999999999014e+00
-3.085999999999999854e+00
-3.104800000000000004e+00
-3.119200000000000195e+00
-3.090199999999999836e+00
-3.081800000000000317e+00
-3.076399999999999579e+00
-3.102799999999999336e+00
-3.106799999999998896e+00
-3.073799999999999866e+00
-3.086399999999999810e+00
-3.095599999999999241e+00
-3.117599999999999483e+00
-3.111600000000000144e+00
-3.102199999999998958e+00
-3.082400000000000251e+00
-3.091399999999999260e+00
-3.093199999999999950e+00
-3.087399999999999700e+00
-3.112799999999999567e+00
-3.114400000000000279e+00
-3.123199999999999754e+00
-3.085399999999999920e+00
-3.061799999999999855e+00
-3.101799999999999446e+00
-3.102399999999999824e+00
-3.090799999999999770e+00
-3.094599999999999351e+00
-3.098800000000001109e+00
-3.097999999999999865e+00
-3.114399999999999391e+00
-3.094000000000000306e+00
-3.101800000000000335e+00
-3.095000000000000639e+00
-3.090200000000000280e+00
-3.107999999999998764e+00
-3.076999999999999957e+00
-3.108999999999999986e+00
-3.090600000000000236e+00
-3.101400000000000379e+00
-3.105200000000000848e+00
-3.067999999999999616e+00
-3.084200000000000053e+00
-3.090999999999999748e+00
-3.073999999999999844e+00
-3.110800000000000232e+00
-3.100399999999999601e+00
-3.090199999999999392e+00
-3.132800000000000029e+00
-3.087600000000000122e+00
-3.079200000000000603e+00
-3.069799999999998974e+00
-3.113199999999999079e+00
-3.121800000000000352e+00
-3.074000000000000288e+00
-3.082199999999999385e+00
-3.104599999999999582e+00
-3.078599999999999781e+00
-3.072999999999999510e+00
-3.085600000000000342e+00
-3.118399999999999839e+00
-3.129200000000000870e+00
-3.087199999999999722e+00
-3.079199999999999271e+00
-3.093999999999999861e+00
-3.118399999999999839e+00
-3.083800000000000097e+00
-3.118599999999999817e+00
-3.121999999999999886e+00
-3.105999999999999428e+00
-3.103400000000000603e+00
-3.108800000000000008e+00
-3.099000000000000199e+00
-3.093200000000000394e+00
-3.108800000000000452e+00
-3.097800000000000331e+00
-3.101599999999999469e+00
-3.098799999999998889e+00
-3.108800000000000452e+00
-3.087599999999999678e+00
-3.092000000000001414e+00
-3.091800000000000992e+00
-3.091200000000000614e+00
-3.114799999999999791e+00
-3.083400000000000585e+00
-3.104800000000000004e+00
-3.075799999999999645e+00
-3.078200000000000713e+00
-3.084800000000000431e+00
-3.131399999999999295e+00
-3.115000000000000213e+00
-3.089599999999999458e+00
-3.096200000000000507e+00
-3.081799999999999429e+00
-3.107399999999999718e+00
-3.116599999999999593e+00
-3.104000000000000092e+00
-3.091999999999999638e+00
-3.111000000000000654e+00
-3.088000000000000966e+00
-3.091999999999999638e+00
-3.098799999999999777e+00
-3.105799999999999450e+00
-3.143599999999999284e+00
-3.092599999999999127e+00
-3.106799999999999784e+00
-3.067600000000000104e+00
-3.102599999999999802e+00
-3.147399999999999309e+00
-3.096800000000000885e+00
-3.095600000000001017e+00
-3.066200000000000259e+00
-3.100200000000000955e+00
-3.095400000000000151e+00
-3.078800000000000203e+00
-3.136800000000000033e+00
-3.113799999999999457e+00
-3.083400000000000141e+00
-3.108599999999999142e+00
-3.093799999999999439e+00
-3.083599999999999675e+00
-3.097799999999999443e+00
-3.105599999999999916e+00
-3.101399999999999491e+00
-3.117799999999999905e+00
-3.118200000000000305e+00
-3.067399999999999238e+00
-3.079600000000000115e+00
-3.100600000000000023e+00
-3.113199999999999079e+00
-3.103799999999999670e+00
-3.097799999999999443e+00
-3.101400000000000379e+00
-3.068200000000000038e+00
-3.115999999999999659e+00
-3.126199999999998980e+00
-3.059400000000000119e+00
-3.080600000000000449e+00
-3.076600000000000001e+00
-3.103200000000000180e+00
-3.086799999999999322e+00
-3.116800000000000015e+00
-3.083799999999998764e+00
-3.095200000000000173e+00
-3.095200000000000173e+00
-3.104600000000000470e+00
-3.080599999999999561e+00
-3.084400000000000031e+00
-3.094400000000000261e+00
-3.104000000000000092e+00
-3.126000000000000334e+00
-3.116799999999999571e+00
-3.068799999999999972e+00
-3.105400000000000382e+00
-3.090600000000001124e+00
-3.092400000000000482e+00
-3.082800000000000207e+00
-3.090399999999999814e+00
-3.081000000000000849e+00
-3.111399999999999721e+00
-3.125799999999999024e+00
-3.076200000000000490e+00
-3.112000000000000099e+00
-3.079399999999999693e+00
-3.093400000000000372e+00
-3.112800000000000011e+00
-3.097400000000000375e+00
-3.104999999999999982e+00
-3.092199999999999172e+00
-3.115200000000000191e+00
-3.094799999999999773e+00
-3.140400000000000080e+00
-3.127399999999999292e+00
-3.121600000000000819e+00
-3.110399999999999832e+00
-3.110999999999999321e+00
-3.120000000000000107e+00
-3.095800000000000551e+00
-3.118400000000000283e+00
-3.101199999999999513e+00
-3.116199999999999193e+00
-3.104800000000000004e+00
-3.110999999999999766e+00
-3.158600000000000296e+00
-3.090600000000000236e+00
-3.139999999999999680e+00
-3.089599999999999902e+00
-3.094800000000000217e+00
-3.114400000000000279e+00
-3.083000000000000185e+00
-3.102599999999999802e+00
-3.120999999999999552e+00
-3.078000000000000291e+00
-3.108200000000000074e+00
-3.116599999999999149e+00
-3.145199999999999996e+00
