-4.039494658528466786e+00
1.069897050614205397e-01
1.596627562165132463e+00
4.051004109487616134e+00
4.191385091314401734e+00
-2.416135395715040879e+00
2.528724741725901115e+00
-4.832250711911811436e+00
-1.346195893621572326e+00
-2.563113280455641352e+00
-3.846085316418239586e+00
-4.245974455875253795e-02
3.390352334595572170e+00
1.969459300539102786e+00
2.441476557243619450e+00
4.279242143423015676e+00
3.198947237487657969e+00
3.951296548361463157e-01
-3.081106649126028607e+00
-1.429800279046621769e+00
3.645705091271704390e+00
-1.678801714518543431e+00
-2.974104537195856879e-01
-1.968019136704232341e+00
-3.191039217905641046e+00
-2.120186850695860159e-01
1.219639275854694116e+00
-1.155473329237703073e+00
3.013973217226797452e+00
-1.625919053862360242e+00
-2.401530304568719298e+00
-2.088175867023351007e+00
3.931947073306006235e+00
3.203101869386337341e+00
-1.708049755783796142e+00
3.146754400662874929e+00
2.141092454551495106e+00
2.040838593643011567e+00
-4.989847963380216633e+00
1.795400904653158047e+00
