-6.575509140321162960e-01
-1.246475611966542107e+00
-1.752168744806252176e+00
-2.108255136856798551e+00
-2.437389388603801610e+00
-2.642330428046532287e+00
-2.817100626030072164e+00
-2.951502294160754936e+00
-3.089353667901544753e+00
-3.241151144897536973e+00
-3.254612837307317541e+00
-3.316514328171998205e+00
-3.359764713160242167e+00
-3.437796044181085087e+00
-3.463064165203680655e+00
-3.526118463403897785e+00
-3.565501505310610497e+00
-3.586532777278518047e+00
-3.631791733545376211e+00
-3.652195685952190018e+00
-3.686855148464147192e+00
-3.742093139758373432e+00
-3.742914682159765860e+00
-3.776678005754311229e+00
-3.804058138588885196e+00
-3.851318976360478707e+00
-3.828329518981890001e+00
-3.884947124041255861e+00
-3.892779439482596082e+00
-3.888758421670796217e+00
-3.950121093091513824e+00
-3.957421608262129187e+00
-3.987848416454600198e+00
-4.042855026922294037e+00
-4.061771755504508086e+00
-4.095494685607134144e+00
-4.119194463121221617e+00
-4.157891054219872373e+00
-4.180001855552955448e+00
-4.219174482825548189e+00
-4.231733679243001589e+00
-4.275998293234231085e+00
-4.295816028139972431e+00
-4.299670500330392109e+00
-4.321304231548509733e+00
-4.358356612435376753e+00
-4.361458291445227786e+00
-4.383011542579688502e+00
-4.413619963086812703e+00
-4.407157347195047592e+00
-4.439027770222955027e+00
-4.426038182265490839e+00
-4.409598579825552811e+00
-4.416047692235782307e+00
-4.460108060341340774e+00
-4.464547997602236862e+00
-4.492252477832374247e+00
-4.501152920041574745e+00
-4.515751166546926321e+00
-4.495053854211879418e+00
-4.487328935885422254e+00
-4.523991077804429217e+00
-4.534053560810251682e+00
-4.546811380959226767e+00
-4.504605090355019215e+00
-4.552555874420545656e+00
-4.510564626780075415e+00
-4.566545310741020991e+00
-4.583443779497000214e+00
-4.550643358188120935e+00
-4.561672689467883401e+00
-4.581642736240372216e+00
-4.591747990919657241e+00
-4.559042177261493300e+00
-4.561052943736104481e+00
-4.603027491289541473e+00
-4.568383416643162498e+00
-4.573725263260727480e+00
-4.554169643686282853e+00
-4.597607944085631893e+00
-4.582304487228247680e+00
-4.568677811753414808e+00
-4.598936099945647449e+00
-4.625605312705418193e+00
-4.623067847332174907e+00
-4.593122562235445905e+00
-4.588818201152548681e+00
-4.612264186106702191e+00
-4.616372250422535295e+00
-4.632331602876933019e+00
-4.600765158976106051e+00
-4.651621201794360339e+00
-4.649914232072919873e+00
-4.664325215153375837e+00
-4.665675477608452582e+00
-4.619938286668299199e+00
-4.665702070617315123e+00
-4.645250691013280253e+00
-4.640206787872583227e+00
-4.615183770887785641e+00
-4.608588925049710738e+00
-4.650877969584029437e+00
-4.705345794574183671e+00
-4.665913398507487209e+00
-4.683491584019068732e+00
-4.627762332793857958e+00
-4.643770131312257021e+00
-4.661886553612060169e+00
-4.670088679722601555e+00
-4.653310154561430600e+00
-4.691272304998373777e+00
-4.674069193682424128e+00
-4.648953091447638464e+00
-4.660162827946592756e+00
-4.677443331933290871e+00
-4.703049460524675318e+00
-4.719539611445541460e+00
-4.689823972684220799e+00
-4.700818896368857303e+00
-4.674045002518369962e+00
-4.702942534117227957e+00
-4.684119588094103115e+00
-4.713639970953733105e+00
-4.741656740065431030e+00
-4.696013535778321923e+00
-4.666304398822220811e+00
-4.717216004757538883e+00
-4.685834604446741380e+00
-4.714681344584071176e+00
-4.686444147728080267e+00
-4.708329461427972262e+00
-4.681727091050455591e+00
-4.707036213770897426e+00
-4.678133189463424380e+00
-4.679409085830109838e+00
-4.708968749733417170e+00
-4.680821801368689528e+00
-4.740437387426815974e+00
-4.735165322943420740e+00
-4.686026482739560350e+00
-4.717826627487656133e+00
-4.702129797097418518e+00
-4.679831449827027257e+00
-4.723122046468028579e+00
-4.719491342703613590e+00
-4.720724288283404846e+00
-4.696062059968483027e+00
-4.715810229779664908e+00
-4.719659926721663901e+00
-4.722272729773459687e+00
-4.709549389923722629e+00
-4.699325204032829717e+00
-4.697679353154451398e+00
-4.737450812825282576e+00
-4.738126922574728006e+00
-4.719564111279832552e+00
-4.732159277166354094e+00
-4.711831576001979549e+00
-4.723714874321876422e+00
-4.724377119595380314e+00
-4.748890120073727239e+00
-4.725143792318530878e+00
-4.737824557296698380e+00
-4.738479618878645105e+00
-4.723048615589255483e+00
-4.743453326178858731e+00
-4.717086945496918204e+00
-4.749734156163537335e+00
-4.765704766250761004e+00
-4.754116681930172561e+00
-4.732188781373730890e+00
-4.770700122652196562e+00
-4.744162906846855599e+00
-4.725268521907302066e+00
-4.756774465254825834e+00
-4.724218824296887220e+00
-4.720950921402955025e+00
-4.714050066987775622e+00
-4.754759568487688881e+00
-4.725290190248842670e+00
-4.722392009414495107e+00
-4.728731147238718791e+00
-4.732217945090509303e+00
-4.733552880443530952e+00
-4.746399333211411609e+00
-4.744584726388624496e+00
-4.723237977070763982e+00
-4.733615096749466566e+00
-4.736649192996574165e+00
-4.765795982242097217e+00
-4.741769659601104969e+00
-4.760020270578431578e+00
-4.763762592238181881e+00
-4.745647508242091916e+00
-4.738831353719422879e+00
-4.747792800857905782e+00
-4.740748069730321035e+00
-4.744196766512661867e+00
-4.744785315827497740e+00
-4.740353114553974123e+00
-4.743739538051230831e+00
-4.784945645705043660e+00
-4.746363033945003806e+00
-4.760775689495575058e+00
-4.765712262413773992e+00
-4.776380478996839152e+00
-4.759470476263787830e+00
-4.781953066062615498e+00
-4.745613555879019785e+00
-4.774915317973540851e+00
-4.760339353214900981e+00
-4.751973989133554177e+00
-4.772939328241887047e+00
-4.757656712404060073e+00
-4.765320366915999806e+00
-4.770683773238150849e+00
-4.782558976927190564e+00
-4.761350054041649571e+00
-4.767565162836060466e+00
-4.764905475008175628e+00
-4.787094182892646543e+00
-4.747896824917450687e+00
-4.765931307184028576e+00
-4.767677452951177841e+00
-4.752290494485708727e+00
-4.796793293872220865e+00
-4.800313527371353750e+00
-4.788818077637422732e+00
-4.772470377896381954e+00
-4.778984102225583008e+00
-4.798630769422433495e+00
-4.769205485110004972e+00
-4.763711497270041839e+00
-4.789908354065021356e+00
-4.785667643382622849e+00
-4.768712000170713949e+00
-4.803947398601798646e+00
-4.810900959721491787e+00
-4.801261466769584985e+00
-4.748917797418819475e+00
-4.750078732598581155e+00
-4.798498607835822050e+00
-4.805573047589682290e+00
-4.773024209584925792e+00
-4.785572563143530189e+00
-4.771491198844011628e+00
-4.776789636665054850e+00
-4.802013019781365522e+00
-4.788196521534094252e+00
-4.765441788721130223e+00
-4.808993967184091112e+00
-4.776423430340908993e+00
-4.822221439424340339e+00
-4.748203028692290495e+00
-4.812147906354398152e+00
-4.795121652970387949e+00
-4.821722318364048299e+00
-4.771018394828653975e+00
-4.817492422474134450e+00
-4.809212216580249333e+00
-4.822616991538688502e+00
-4.807551426560776164e+00
-4.816074617237612543e+00
-4.804061951593205038e+00
-4.782158667029677623e+00
-4.793268982348919849e+00
-4.791597507885771101e+00
-4.834689833564266515e+00
-4.802998779235379878e+00
-4.782492166938514089e+00
-4.809617601199166259e+00
-4.811138284111893704e+00
-4.820761959952225340e+00
-4.798545551949321641e+00
-4.804565852795263048e+00
-4.834822409754037764e+00
-4.799393443897143285e+00
-4.783153700850099277e+00
-4.815648024041700559e+00
-4.814621115601394941e+00
-4.789246448547848090e+00
-4.768832000331677534e+00
-4.799541783259511085e+00
-4.824455635148754418e+00
-4.817646272364498827e+00
-4.833839247853567223e+00
-4.782446700662681849e+00
-4.847010773298475073e+00
-4.801321792638260533e+00
-4.827917867782361760e+00
-4.829049894311842728e+00
-4.803512742415189329e+00
-4.834544127023872484e+00
-4.802418097497018756e+00
-4.808408163272402724e+00
-4.817114152172005781e+00
-4.811234339279979899e+00
-4.837096586833225409e+00
-4.800330785253754229e+00
-4.768172546130199585e+00
-4.805364710899799441e+00
-4.794340560256762807e+00
-4.824491618478708332e+00
-4.858304028587505208e+00
-4.786539773651267815e+00
-4.848765977844694319e+00
-4.801054575749814646e+00
-4.810719633800150774e+00
-4.807331374649504774e+00
-4.822413414625021488e+00
-4.814727801230408666e+00
-4.830262661972449578e+00
-4.797392453640163978e+00
-4.795694368434428867e+00
-4.790437654244098731e+00
-4.807151377437144824e+00
-4.829104537357751248e+00
-4.822275015600962611e+00
-4.810889884207022682e+00
-4.816238248475047001e+00
-4.842293105129869879e+00
-4.816313015362125860e+00
-4.831660910001090770e+00
-4.830721491010962154e+00
-4.840471182926725291e+00
-4.830040929407257266e+00
-4.833529227869316713e+00
-4.812041541563050195e+00
-4.827115582561931184e+00
-4.795739739484127462e+00
-4.810359096601799500e+00
-4.830402222758597652e+00
-4.799580522892458845e+00
-4.801144562148648376e+00
-4.817172146628040608e+00
-4.844838092028918908e+00
-4.816087287005699658e+00
-4.831851765951729050e+00
-4.843582067234296851e+00
-4.806274477791353306e+00
-4.778608524309635897e+00
-4.827801524630443986e+00
-4.814638701395870690e+00
-4.790657975609698305e+00
-4.833219933809499658e+00
-4.822861727639002893e+00
-4.795913850198038730e+00
-4.840248309409167504e+00
-4.830863780382176564e+00
-4.816358436747261607e+00
-4.814512761926486917e+00
-4.787365956228605945e+00
-4.819927338417477891e+00
-4.811742690164034997e+00
-4.832367419684231891e+00
-4.805312731934249904e+00
-4.804638954006455798e+00
-4.830411446203831893e+00
-4.788462962112995491e+00
-4.827880783883795601e+00
-4.808796665173056262e+00
-4.813479729707104582e+00
-4.823913316771291981e+00
-4.811629055646371000e+00
-4.824915448259033290e+00
-4.806009110152926311e+00
-4.803203959790301347e+00
-4.807776805503351625e+00
-4.817662310759391886e+00
-4.805904706697637252e+00
-4.822126536385895612e+00
-4.786415309255781736e+00
-4.808018605386814137e+00
-4.836515490880239909e+00
-4.829622334799310579e+00
-4.828937717360408222e+00
-4.825642353136110785e+00
-4.797676656405974960e+00
-4.802782266866560512e+00
-4.836023429405084784e+00
-4.826106371762341141e+00
-4.773865107153592469e+00
-4.848070391188490369e+00
-4.803063138966315648e+00
-4.860941070059537239e+00
-4.810777742247339894e+00
-4.858633180092519765e+00
-4.800473398409057957e+00
-4.796738019740824477e+00
-4.808336592913991403e+00
-4.826094166485392023e+00
-4.813039414621019141e+00
-4.797481609726716556e+00
-4.810226674500631461e+00
-4.797539180108990386e+00
-4.833191696684691507e+00
-4.858513791724817565e+00
-4.830244992613271116e+00
-4.847284714186853805e+00
-4.830879388096668059e+00
-4.805176455804552660e+00
-4.857922296123865280e+00
-4.793342474529784347e+00
-4.781007239099232642e+00
-4.819888936378664113e+00
-4.791895863708180769e+00
-4.812496897552516195e+00
-4.790677027182616676e+00
-4.816928811426252288e+00
-4.807615163871707509e+00
-4.822519358476629492e+00
-4.810160688900180226e+00
-4.840425717150217189e+00
-4.810466007664587096e+00
-4.817007651792065026e+00
-4.809130751609259846e+00
-4.786940105336796591e+00
-4.819890811189783797e+00
-4.815765594184401088e+00
-4.820182008578814070e+00
-4.785940838125886998e+00
-4.802262090676749473e+00
-4.772110245235205994e+00
-4.826047751363826244e+00
-4.863501440630532358e+00
-4.827109779333161654e+00
-4.776599864033027387e+00
-4.793144681003965069e+00
-4.817245239243384880e+00
-4.826621791034439113e+00
-4.858461532188905529e+00
-4.806868758347167869e+00
-4.818900032014670209e+00
-4.768973325208410330e+00
-4.829175958231777699e+00
-4.820971744152252825e+00
-4.860954490648315307e+00
-4.821794717021875343e+00
-4.804002901126001035e+00
-4.781733930731954629e+00
-4.817400254688033456e+00
-4.847875523296049316e+00
-4.812350197451386258e+00
-4.799249554968869624e+00
-4.815519727760731783e+00
-4.804704125496044753e+00
-4.852478587062718063e+00
-4.816702321628582695e+00
-4.837306308756648576e+00
-4.817719232842018862e+00
-4.814803509882881194e+00
-4.820440256235379195e+00
-4.825974276261479012e+00
-4.792368364109690582e+00
-4.787933693115519418e+00
-4.832579670093450908e+00
-4.839313453046752755e+00
-4.814900048311572256e+00
-4.817916567305300823e+00
-4.810726138664032092e+00
-4.816739574115450395e+00
-4.807558165309245624e+00
-4.799088745492163355e+00
-4.831910501219707221e+00
-4.816002239044703259e+00
-4.817603410170052669e+00
-4.837579007101794559e+00
-4.798489662679413570e+00
-4.824187433668863711e+00
-4.799437130608330548e+00
-4.810850438157788567e+00
-4.811795255112818026e+00
-4.821038094507608562e+00
-4.789306260356207545e+00
-4.826803664900227275e+00
-4.825311582700978263e+00
-4.858244144008619259e+00
-4.800964028781914195e+00
-4.796013825960037558e+00
-4.796163051303525826e+00
-4.785137083550447201e+00
-4.818179162091603907e+00
-4.819433829488780852e+00
-4.817943866229761340e+00
-4.792417889246854301e+00
-4.824542030468736975e+00
-4.828139414021211273e+00
-4.823936301902545409e+00
-4.853786251218516590e+00
-4.829010654139194614e+00
-4.812613093959265065e+00
-4.823678015821051268e+00
-4.815024519945703574e+00
-4.819170935827623126e+00
-4.811468209450578293e+00
-4.837259325505274710e+00
-4.824686147288526072e+00
-4.835151578716615717e+00
-4.817114228956076438e+00
-4.803922185724734284e+00
