3.424094335624290331e+00
7.403594502959713886e-01
-9.118956774243311969e-01
3.812870643544986060e-01
4.120436835789467733e-01
1.977731384002083537e-02
-2.152554466145624623e+00
-2.330880097566713882e+00
-4.159194251280834642e+00
7.491248243849982558e+00
-7.017588595987218902e-02
4.665889326133335624e-01
-1.569190329965198527e-01
2.636917903033777932e+00
-7.724141021828423437e-01
5.033011596919069852e+00
-1.486260781793515839e+00
-3.508647210497010782e+00
-2.043076694673839011e+00
-1.390214162915164531e+00
5.716846053587212317e+00
1.839443863059529560e+00
3.627851733039643367e+00
-1.205002123719788543e+00
1.369706052673211438e+00
-2.485128887989781710e+00
-7.565472031368980499e-01
-8.266063365987964540e-01
2.379770888095254833e+00
-5.109734765205248941e+00
1.028913328931109650e+00
2.769037856236122419e+00
-4.849060061513318587e+00
3.951371944248295076e+00
7.070593819259920476e-01
3.848797935237515677e+00
-1.306645915358029653e+00
-2.424021405770868665e+00
1.069643697823439377e+00
-1.075312362901856611e+00
-2.193921145226991776e+00
1.059596097420260286e+00
-6.258900399515471946e+00
1.752577772501863640e+00
-2.200415199667461685e+00
3.794872874900716009e-01
3.984414973683584549e+00
-1.121678315643199975e+00
1.097151271940372652e+00
-2.519981022251625014e+00
-2.329877998762627023e+00
-4.477052796297747328e+00
-2.159932056184226568e+00
-1.565951268674740771e+00
1.391708594442143232e+00
7.779577841901387236e-01
