1.139376946472296925e+00
4.480157399665182782e-01
3.806412387274704656e-02
-2.243511472607044865e-01
-4.602045867060430284e-01
-6.519807954161429553e-01
-7.662709819160404834e-01
-9.137439875058340766e-01
-1.070638398768123167e+00
-1.180285990765666426e+00
-1.274261995615102006e+00
-1.438434601571728200e+00
-1.507609611676166361e+00
-1.625380971461507285e+00
-1.690745760059029212e+00
-1.762110689574232003e+00
-1.769952062150840666e+00
-1.784611163981397741e+00
-1.808290406790843186e+00
-1.903646994987035601e+00
-1.880012787822460618e+00
-1.893776782647826451e+00
-1.903136678261370118e+00
-1.915358506695920005e+00
-1.935663456648212488e+00
-1.936703162772973830e+00
-1.940732071022633232e+00
-1.987174087148386281e+00
-1.951152957821151057e+00
-2.010832718142471442e+00
-2.001765314664355699e+00
-1.983969907029550450e+00
-2.003152231896808466e+00
-2.004220420479295495e+00
-2.039725305551063350e+00
-2.039594380797339568e+00
-2.019660368580108223e+00
-2.019989525444638723e+00
-2.030405497358934497e+00
-1.990552965218895798e+00
-2.028680276697218510e+00
-2.068854637899480320e+00
-2.039791242976929375e+00
-2.054749447057703904e+00
-2.001562923520609161e+00
-2.035629765503702782e+00
-2.022699138237031402e+00
-2.050908111712061999e+00
-2.076405292596134267e+00
-2.005189346625751767e+00
-2.029708273174323452e+00
-2.067166138131565134e+00
-2.038061611953212449e+00
-2.020164178667153809e+00
-2.045833330389625893e+00
-2.063946742471629126e+00
-2.070051395331153010e+00
-2.092350865276836558e+00
-2.041598218839638434e+00
-2.011553856992573941e+00
-2.052297103389611799e+00
-2.057462898242083060e+00
-2.032048986751621822e+00
-2.062535032315725214e+00
-2.037805455635016028e+00
-2.054775847479166195e+00
-2.056678219482326764e+00
-2.036474998662703761e+00
-2.127292292461314460e+00
-2.086056349237743746e+00
-2.047563927832846353e+00
-2.068103772191518974e+00
-2.074721613139514975e+00
-2.045532168333000111e+00
-2.020854546534581075e+00
-2.056520061218767736e+00
-2.083211391602212803e+00
-2.072186987166136696e+00
-2.057989552201646699e+00
-2.074809391467787201e+00
-2.039994819433290640e+00
-2.078273689278798741e+00
-2.016016963165714326e+00
-2.094910037416682691e+00
-2.087740578961185367e+00
-2.052432948091597709e+00
-2.093787638109768867e+00
-2.091281327389254319e+00
-2.078589768814731453e+00
-2.066197055129247673e+00
-2.120653916199858102e+00
-2.057107107671407586e+00
-2.070171709763206636e+00
-2.081284842452040706e+00
-2.071657925431056757e+00
-2.081281323069481548e+00
-2.058276839467934938e+00
-2.077675179695276153e+00
-2.081493051926032400e+00
-2.097140572339152964e+00
-2.111344135763607799e+00
-2.138265826907776557e+00
-2.053203297058114440e+00
-2.086447675178210392e+00
-2.067188368646070362e+00
-2.099280479608628180e+00
-2.100452762867485834e+00
-2.088976468748980242e+00
-2.068128916990681798e+00
-2.086756978798882223e+00
-2.113724712599573508e+00
-2.089006876211841668e+00
-2.104561724770669606e+00
-2.060270656457897864e+00
-2.052484090361332836e+00
-2.084485334519758926e+00
-2.145116275196853994e+00
-2.064693943769325912e+00
-2.142806679101369127e+00
-2.067580537862260925e+00
-2.032722832989260819e+00
-2.112035266790586618e+00
-2.120353253739646782e+00
-2.064405045448566955e+00
-2.111278518061151299e+00
-2.074181787158036361e+00
-2.076386851625320773e+00
-2.153687092334151121e+00
-2.126396177952307731e+00
-2.055726521911868332e+00
-2.083387467513601710e+00
-2.142679931738239230e+00
-2.056389397642959693e+00
-2.082806839606941018e+00
-2.137042318219034787e+00
-2.109060604931083827e+00
-2.111554179947525256e+00
-2.105234458195766489e+00
-2.147498420514435402e+00
-2.131834645618229107e+00
-2.116909569863098639e+00
-2.134257578251423038e+00
-2.112020178585635843e+00
-2.095170619315342986e+00
-2.101458361161182342e+00
-2.077282543495647893e+00
-2.086845317289610868e+00
-2.090273568428076434e+00
-2.181200034124607168e+00
-2.121902264726160503e+00
-2.158313785370739257e+00
-2.143047979401697667e+00
-2.091512427410640029e+00
-2.114191680134827944e+00
-2.118885357596049790e+00
-2.106791751728169793e+00
-2.104694629004997264e+00
-2.134384623209856890e+00
-2.090680493049831057e+00
-2.108712572675361940e+00
-2.106141597477475980e+00
-2.159092609377964767e+00
-2.121679491433607012e+00
-2.043300506589234455e+00
-2.112315438068664175e+00
-2.097999161434655591e+00
-2.135946069996282226e+00
-2.126085049469756516e+00
-2.081468761076962881e+00
-2.151779643517904628e+00
-2.099031323506852509e+00
-2.106075669971643194e+00
-2.115033525532547642e+00
-2.119409001000497117e+00
-2.161005325779107977e+00
-2.079286547229552973e+00
-2.100550871513367390e+00
-2.139315320642244167e+00
-2.152529876170260703e+00
-2.088293235470015663e+00
-2.178819385018323729e+00
-2.161126163010679058e+00
-2.104055698951370790e+00
-2.077304082346941083e+00
-2.129527627036187365e+00
-2.080232919496145971e+00
-2.167058601363700543e+00
-2.128225276676177113e+00
-2.097924067597125131e+00
-2.151453832679511180e+00
-2.118909148384326979e+00
-2.156687865636824686e+00
-2.160433554390547073e+00
-2.108091020307917063e+00
-2.142363091193985269e+00
-2.098916861988105786e+00
-2.158308203127249580e+00
-2.180121644423420602e+00
-2.133395131135966238e+00
-2.073590838445805495e+00
-2.150134999036911854e+00
-2.125421380238764257e+00
-2.115499922690139645e+00
-2.129047365818988791e+00
-2.154149649460223692e+00
-2.085701800967193265e+00
-2.128803162619494316e+00
-2.136653743373282399e+00
-2.112303282046843922e+00
-2.192352746851045975e+00
-2.166669753004339505e+00
-2.147972251097741481e+00
-2.150704766042712990e+00
-2.182504671147469377e+00
-2.165914836021229917e+00
-2.184869095285585150e+00
-2.145450275832854636e+00
-2.134118896601451265e+00
-2.159635381888906469e+00
-2.147526729701287440e+00
-2.081377713667702523e+00
-2.179051979683894746e+00
-2.155725752418074848e+00
-2.109357809867870692e+00
-2.099116513657543148e+00
-2.110624751326827031e+00
-2.112321239860846855e+00
-2.069775960937646264e+00
-2.117103418380157365e+00
-2.080385400304835208e+00
-2.118752952752735119e+00
-2.145500834208431407e+00
-2.115011203585565269e+00
-2.132014846128647001e+00
-2.167288237951713548e+00
-2.156907194820997020e+00
-2.174664173312826243e+00
-2.179829210772182169e+00
-2.155557685624680975e+00
-2.140549585693090506e+00
-2.116297935570669697e+00
-2.181747540873090863e+00
-2.149703784644171556e+00
-2.125719936881699024e+00
-2.166005478805220097e+00
-2.134256675962423522e+00
-2.147866262008302218e+00
-2.158233741581257803e+00
-2.127504370144929435e+00
-2.141586245050753678e+00
-2.101900102510994017e+00
-2.135108282278646907e+00
-2.125671277782011703e+00
-2.070967571502014604e+00
-2.125836571680673526e+00
-2.126370881285475356e+00
-2.090436513566011456e+00
-2.144063681131481491e+00
-2.157379788786109920e+00
-2.106796433983389782e+00
-2.153097546584676447e+00
-2.154281293282443777e+00
-2.151286714739567341e+00
-2.157947871597585277e+00
-2.139636488473210196e+00
-2.156258366336324173e+00
-2.129207400908833758e+00
-2.127819942675256204e+00
-2.148031764684127598e+00
-2.112183117300930668e+00
-2.130883792945021948e+00
-2.114499672973777056e+00
-2.103485011089209600e+00
-2.139696701381588184e+00
-2.145928132716473424e+00
-2.135107239515372957e+00
-2.127882009291287790e+00
-2.172063775056138013e+00
-2.169826565513130134e+00
-2.159813062677096607e+00
-2.131622699543845645e+00
-2.120793331441331642e+00
-2.158491434189173219e+00
-2.139360625962901885e+00
-2.156925659728220257e+00
-2.134817838107105459e+00
-2.129646917453496879e+00
-2.199007873333616470e+00
-2.124381057941882478e+00
-2.143652671800895249e+00
-2.067970989323272057e+00
-2.147157210976915920e+00
-2.140475281963810872e+00
-2.131542303791691850e+00
-2.150326044459747621e+00
-2.123392586803035442e+00
-2.131637630673325567e+00
-2.137466373228850802e+00
-2.089319764470455532e+00
-2.197950685775221125e+00
-2.133966970526585794e+00
-2.152698619938876679e+00
-2.157037972701639550e+00
-2.130988328415272193e+00
-2.140232187655136453e+00
-2.150209448320177241e+00
-2.157302718909348993e+00
-2.155319869456341131e+00
-2.107761645280342488e+00
-2.155885452354728837e+00
-2.127501159399234787e+00
-2.154122911726305656e+00
-2.117724634973443987e+00
-2.139671745859532681e+00
-2.163089953281468247e+00
-2.170567174125767274e+00
-2.189924911694899556e+00
-2.138135576474988309e+00
-2.157418387027188356e+00
-2.136667843942750888e+00
-2.134658368654669847e+00
-2.162182158662987241e+00
-2.103347952647253827e+00
-2.153333599093758544e+00
-2.137898258563386555e+00
-2.167551594614603783e+00
-2.179180189188253625e+00
-2.107942560727529280e+00
-2.136421117530161062e+00
-2.102136585969314186e+00
-2.140746392087207628e+00
-2.129884562497696088e+00
-2.153282739001681545e+00
-2.136790520946186600e+00
-2.087868660983518865e+00
-2.119636067032092619e+00
-2.146469766649306443e+00
-2.151913290580838023e+00
-2.145231042557458778e+00
-2.120927993704480041e+00
-2.177051314278839023e+00
-2.158296042985539120e+00
-2.086205021485919797e+00
-2.128741798583176248e+00
-2.080150164483558495e+00
-2.140828600100893819e+00
-2.175421396072808822e+00
-2.142907347405465401e+00
-2.154042782142725709e+00
-2.183134287302727294e+00
-2.146534948505931961e+00
-2.144780193837228843e+00
-2.173724657292913420e+00
-2.179161302456903648e+00
-2.135955860908353543e+00
-2.219762067674814432e+00
-2.183404774980442831e+00
-2.105729979704463961e+00
-2.069547456976032596e+00
-2.157247517868842834e+00
-2.122984928693893547e+00
-2.131145676298805913e+00
-2.136656553662614755e+00
-2.109931829755798294e+00
-2.108411227572804414e+00
-2.157326110361599714e+00
-2.164455508812078488e+00
-2.094850371508436560e+00
-2.124001183498686718e+00
-2.108307981214051718e+00
-2.059671325650983764e+00
-2.087153475723221074e+00
-2.152988167848967294e+00
-2.113032315620661183e+00
-2.196138729711454740e+00
-2.185762398939560480e+00
-2.164305786891330019e+00
-2.128669660439235223e+00
-2.130377951262487635e+00
-2.125636597915312453e+00
-2.186599384829663872e+00
-2.159627437723267374e+00
-2.142653189892934851e+00
-2.179143000344226255e+00
-2.173558671415668719e+00
-2.168034063684933344e+00
-2.111846930607613526e+00
-2.176474421241470392e+00
-2.127707612388602065e+00
-2.176360608382756467e+00
-2.115320068827680089e+00
-2.161530377188072283e+00
-2.140415922367431723e+00
-2.103152576053191503e+00
-2.127711105602946073e+00
-2.142302185219580934e+00
-2.131623661787685808e+00
-2.073273331451747303e+00
-2.133077265382812726e+00
-2.173690168878592566e+00
-2.148372490953992742e+00
-2.117306089166895777e+00
-2.177116849138161836e+00
-2.191426042488576531e+00
-2.144443598151058339e+00
-2.117773591087396490e+00
-2.138467171096483987e+00
-2.186604160637828365e+00
-2.149894538267197674e+00
-2.131446494594325003e+00
-2.156062475523403243e+00
-2.116628576610190660e+00
-2.133826661675053860e+00
-2.150496160330944928e+00
-2.133088596469992826e+00
-2.144655847288710948e+00
-2.093624475868319124e+00
-2.150015276326072478e+00
-2.145223632737626396e+00
-2.142595325148367813e+00
-2.089099608180362999e+00
-2.101714388587931026e+00
-2.174146099663000875e+00
-2.191324827048798163e+00
-2.160029420571178971e+00
-2.111365820790480630e+00
-2.189316892413458060e+00
-2.156594354760034360e+00
-2.152523412305973771e+00
-2.091065965962530360e+00
-2.195524203870874658e+00
-2.140934400097730173e+00
-2.186023195374671602e+00
-2.150893088108593254e+00
-2.190147269166023314e+00
-2.165597662224268749e+00
-2.108079807507754033e+00
-2.180943097710370093e+00
-2.164254856008003713e+00
-2.182497951445184547e+00
-2.158926820760926901e+00
-2.146597218737545720e+00
-2.181340340020039736e+00
-2.088917305966454752e+00
-2.133166940282735347e+00
-2.157822439451636765e+00
-2.118719486698314558e+00
-2.120912053098902739e+00
-2.134456918163481820e+00
-2.117909068969310749e+00
-2.107864222669832976e+00
-2.134463111009255787e+00
-2.131759774375392436e+00
-2.098390922408269521e+00
-2.148634145401536966e+00
-2.170017901717284925e+00
-2.136443653937079024e+00
-2.143832796143012587e+00
-2.125141525553423172e+00
-2.152385225600256469e+00
-2.164813222007115900e+00
-2.134261175336266803e+00
-2.204046888544812788e+00
-2.136647858527035648e+00
-2.177747634590077475e+00
-2.116406177439778880e+00
-2.150974825728126039e+00
-2.154899971961420579e+00
-2.147593377731335185e+00
-2.164215416189863017e+00
-2.131036061312076679e+00
-2.113263257158809694e+00
-2.153369798694891202e+00
-2.185977229477404027e+00
-2.175461309959064060e+00
-2.171550836352356129e+00
-2.100034978300398425e+00
-2.133097204347553788e+00
-2.175074114096697375e+00
-2.097274903043767846e+00
-2.123024197346838005e+00
-2.101397840359660041e+00
-2.155089950298320289e+00
-2.140220055804754384e+00
-2.152592730591397441e+00
-2.093944793161375717e+00
-2.098602503635768723e+00
-2.129535130747650662e+00
-2.156787239408618717e+00
-2.143420200380052432e+00
-2.169597267673760044e+00
-2.188516563027406381e+00
-2.174927607824288955e+00
-2.147466405858904359e+00
-2.204233855564046607e+00
-2.160104672422271221e+00
-2.124057362579550912e+00
-2.148136921779370656e+00
-2.153024878172727696e+00
-2.134237388670279234e+00
