2.120000000000000218e-01
-2.223999999999999033e-01
-6.182000000000001938e-01
-8.727999999999999092e-01
-1.170599999999999863e+00
-1.410800000000000498e+00
-1.636600000000000055e+00
-1.958400000000000141e+00
-2.215600000000000236e+00
-2.645999999999999464e+00
-3.000999999999999446e+00
-3.375200000000000422e+00
-3.781200000000000117e+00
-4.010200000000001097e+00
-4.262399999999999523e+00
-4.442199999999999704e+00
-4.608399999999999608e+00
-4.694200000000000372e+00
-4.734199999999999520e+00
-4.842200000000000060e+00
-4.813200000000000145e+00
-4.909999999999999254e+00
-4.873000000000000220e+00
-4.930399999999999672e+00
-4.904999999999999361e+00
-4.880800000000000693e+00
-4.928600000000000314e+00
-4.970799999999999663e+00
-4.972800000000000331e+00
-4.959999999999999964e+00
-4.961999999999999744e+00
-4.963599999999999568e+00
-4.971199999999998731e+00
-4.962200000000000166e+00
-4.964400000000000368e+00
-5.028599999999999959e+00
-4.956999999999999851e+00
-4.972199999999999953e+00
-4.989600000000000257e+00
-4.991200000000000969e+00
-4.998599999999999710e+00
-5.039199999999999235e+00
-4.971399999999999153e+00
-5.048799999999999955e+00
-5.020599999999999952e+00
-5.011600000000000499e+00
-5.098200000000000287e+00
-5.024200000000000443e+00
-5.021399999999999864e+00
-5.048400000000000887e+00
-5.068399999999999572e+00
-5.020000000000001350e+00
-5.079200000000000159e+00
-5.033199999999999896e+00
-5.031799999999998718e+00
-5.055600000000000094e+00
-5.056599999999999540e+00
-5.077799999999999869e+00
-5.048999999999999488e+00
-5.086399999999999366e+00
-5.090799999999999770e+00
-5.038400000000000212e+00
-5.064400000000000901e+00
-5.102999999999999758e+00
-5.020400000000000418e+00
-5.052599999999999980e+00
-5.102600000000000691e+00
-5.100600000000000023e+00
-5.068400000000000460e+00
-5.111400000000001498e+00
-5.077399999999999025e+00
-5.077799999999999869e+00
-5.116200000000000081e+00
-5.084799999999999542e+00
-5.116600000000001813e+00
-5.074200000000000266e+00
-5.077400000000000801e+00
-5.115199999999999747e+00
-5.103400000000000603e+00
-5.093600000000000350e+00
-5.073999999999999844e+00
-5.068000000000000504e+00
-5.056400000000000894e+00
-5.107600000000000584e+00
-5.097000000000000419e+00
-5.131999999999999673e+00
-5.150400000000001199e+00
-5.150999999999998913e+00
-5.124200000000000976e+00
-5.113000000000000433e+00
-5.090600000000000236e+00
-5.120199999999998752e+00
-5.148799999999999599e+00
-5.069399999999999906e+00
-5.138799999999999812e+00
-5.154999999999999361e+00
-5.136400000000000077e+00
-5.115800000000000125e+00
-5.127200000000000202e+00
-5.135600000000000165e+00
-5.133600000000000385e+00
-5.125000000000000000e+00
-5.157399999999999096e+00
-5.115600000000000591e+00
-5.071600000000000108e+00
-5.131600000000000605e+00
-5.147000000000000242e+00
-5.092400000000000482e+00
-5.129800000000000360e+00
-5.148600000000000065e+00
-5.101400000000000823e+00
-5.152999999999999581e+00
-5.081399999999998585e+00
-5.068800000000001305e+00
-5.165999999999999481e+00
-5.118800000000000239e+00
-5.150600000000000733e+00
-5.138799999999999812e+00
-5.164799999999999613e+00
-5.157800000000001717e+00
-5.156799999999999606e+00
-5.136600000000000499e+00
-5.129799999999999471e+00
-5.153599999999999959e+00
-5.148000000000001464e+00
-5.136600000000000499e+00
-5.171999999999998820e+00
-5.165600000000001302e+00
-5.065000000000000391e+00
-5.135799999999999699e+00
-5.142599999999999838e+00
-5.161999999999999922e+00
-5.109999999999999432e+00
-5.116800000000001347e+00
-5.095000000000000639e+00
-5.131999999999999673e+00
-5.155999999999999694e+00
-5.136600000000000499e+00
-5.142999999999999794e+00
-5.186600000000000321e+00
-5.139000000000001123e+00
-5.143000000000000682e+00
-5.174000000000001265e+00
-5.068199999999999150e+00
-5.168000000000000149e+00
-5.089999999999999858e+00
-5.125999999999998558e+00
-5.125599999999999490e+00
-5.174599999999999866e+00
-5.170200000000001239e+00
-5.160600000000000520e+00
-5.143600000000001060e+00
-5.167399999999999771e+00
-5.154799999999999827e+00
-5.127600000000000158e+00
-5.108600000000000918e+00
-5.112600000000000477e+00
-5.138600000000000279e+00
-5.140800000000000480e+00
-5.160000000000000142e+00
-5.185399999999999565e+00
-5.189799999999999969e+00
-5.201200000000000934e+00
-5.118400000000001171e+00
-5.177599999999998204e+00
-5.172200000000000131e+00
-5.174800000000001177e+00
-5.136599999999999611e+00
-5.119600000000000151e+00
-5.160999999999999588e+00
-5.219800000000000217e+00
-5.134600000000000719e+00
-5.143400000000000638e+00
-5.167200000000001125e+00
-5.174199999999999022e+00
-5.154000000000000803e+00
-5.161800000000001276e+00
-5.116600000000000037e+00
-5.184999999999998721e+00
-5.128800000000000026e+00
-5.161400000000000432e+00
-5.198000000000000398e+00
-5.216599999999999682e+00
-5.167199999999999349e+00
-5.174799999999999400e+00
-5.189000000000000057e+00
-5.184799999999999187e+00
-5.162599999999999412e+00
-5.131000000000000227e+00
-5.212399999999999700e+00
-5.170600000000000307e+00
-5.203199999999999825e+00
-5.178399999999999892e+00
-5.194999999999999396e+00
-5.142200000000000770e+00
-5.145600000000000840e+00
-5.145800000000001262e+00
-5.185999999999999943e+00
-5.166999999999999815e+00
-5.174399999999999444e+00
-5.120200000000000529e+00
-5.163200000000000678e+00
-5.176400000000000112e+00
-5.230000000000000426e+00
-5.149800000000000821e+00
-5.151000000000001577e+00
-5.171599999999999753e+00
-5.231400000000000716e+00
-5.148600000000000065e+00
-5.157000000000000028e+00
-5.194799999999998974e+00
-5.197800000000000864e+00
-5.203800000000001091e+00
-5.187400000000000233e+00
-5.211800000000001098e+00
-5.179400000000000226e+00
-5.200200000000000600e+00
-5.199999999999999289e+00
-5.202600000000001224e+00
-5.238399999999999501e+00
-5.211399999999999366e+00
-5.207200000000000273e+00
-5.211400000000001143e+00
-5.229999999999999538e+00
-5.232000000000001094e+00
-5.164799999999999613e+00
-5.153400000000001313e+00
-5.179199999999999804e+00
-5.210999999999999410e+00
-5.186599999999999433e+00
-5.135399999999999743e+00
-5.216399999999998371e+00
-5.124599999999999156e+00
-5.190199999999999037e+00
-5.215400000000000702e+00
-5.220399999999999707e+00
-5.199399999999999800e+00
-5.240400000000000169e+00
-5.226400000000001711e+00
-5.163400000000000212e+00
-5.192600000000000549e+00
-5.243400000000000283e+00
-5.212399999999998812e+00
-5.189399999999999125e+00
-5.236999999999998323e+00
-5.229799999999999116e+00
-5.140200000000000102e+00
-5.224999999999999645e+00
-5.163600000000000634e+00
-5.232599999999999696e+00
-5.226399999999999935e+00
-5.232800000000000118e+00
-5.194399999999999906e+00
-5.219000000000001194e+00
-5.195000000000000284e+00
-5.242800000000000793e+00
-5.205199999999999605e+00
-5.230400000000000382e+00
-5.180600000000000094e+00
-5.240800000000000125e+00
-5.187599999999999767e+00
-5.242999999999999439e+00
-5.245200000000000529e+00
-5.213999999999999524e+00
-5.196199999999999264e+00
-5.191400000000000681e+00
-5.236200000000001964e+00
-5.237999999999999545e+00
-5.220600000000001017e+00
-5.185200000000000031e+00
-5.255999999999998451e+00
-5.233999999999999986e+00
-5.280800000000001049e+00
-5.210600000000000342e+00
-5.204399999999999693e+00
-5.176400000000001000e+00
-5.185000000000000497e+00
-5.186800000000000743e+00
-5.175000000000000711e+00
-5.216800000000000992e+00
-5.215800000000001546e+00
-5.210399999999999920e+00
-5.156600000000000961e+00
-5.226200000000001289e+00
-5.221400000000000041e+00
-5.221600000000000463e+00
-5.203800000000000203e+00
-5.195600000000000662e+00
-5.250600000000000378e+00
-5.231400000000000716e+00
-5.258600000000001273e+00
-5.203199999999998937e+00
-5.200199999999999712e+00
-5.184400000000001896e+00
-5.182399999999999451e+00
-5.205799999999999983e+00
-5.277599999999999625e+00
-5.237200000000000522e+00
-5.183999999999999275e+00
-5.201600000000000001e+00
-5.130399999999999849e+00
-5.263400000000000745e+00
-5.251799999999999358e+00
-5.218399999999999928e+00
-5.211800000000000210e+00
-5.248599999999999710e+00
-5.290799999999999059e+00
-5.237800000000000011e+00
-5.237199999999999633e+00
-5.226800000000000779e+00
-5.222200000000000841e+00
-5.192000000000000171e+00
-5.234199999999999520e+00
-5.208199999999999719e+00
-5.252400000000000624e+00
-5.202799999999999869e+00
-5.233200000000000962e+00
-5.180200000000000138e+00
-5.229799999999999116e+00
-5.230199999999999960e+00
-5.214199999999999946e+00
-5.180400000000000560e+00
-5.249800000000000466e+00
-5.204800000000000537e+00
-5.224400000000000155e+00
-5.193599999999999994e+00
-5.197600000000001330e+00
-5.215800000000000658e+00
-5.232800000000000118e+00
-5.252600000000001046e+00
-5.229200000000001403e+00
-5.157400000000000873e+00
-5.188799999999999635e+00
-5.188399999999999679e+00
-5.229199999999998738e+00
-5.198000000000000398e+00
-5.224199999999999733e+00
-5.204799999999998761e+00
-5.200400000000000134e+00
-5.204199999999999271e+00
-5.214799999999998548e+00
-5.237199999999999633e+00
-5.237199999999999633e+00
-5.224000000000001087e+00
-5.238799999999998569e+00
-5.276200000000001111e+00
-5.204200000000000159e+00
-5.256599999999999717e+00
-5.284200000000000230e+00
-5.198600000000000776e+00
-5.258000000000000895e+00
-5.269600000000000506e+00
-5.213599999999999568e+00
-5.146599999999999397e+00
-5.216199999999999726e+00
-5.194399999999999906e+00
-5.224999999999999645e+00
-5.202399999999999913e+00
-5.253000000000000114e+00
-5.209400000000000475e+00
-5.221999999999999531e+00
-5.217599999999999127e+00
-5.205399999999999139e+00
-5.208199999999999719e+00
-5.215400000000000702e+00
-5.286799999999999500e+00
-5.198000000000000398e+00
-5.207800000000000651e+00
-5.258799999999999919e+00
-5.241799999999999571e+00
-5.196800000000000530e+00
-5.273199999999999221e+00
-5.227999999999999758e+00
-5.281200000000000117e+00
-5.218600000000000350e+00
-5.233000000000000540e+00
-5.208399999999999253e+00
-5.250399999999999956e+00
-5.232199999999999740e+00
-5.220200000000000173e+00
-5.242200000000000415e+00
-5.244799999999999685e+00
-5.229400000000000048e+00
-5.259000000000000341e+00
-5.186600000000000321e+00
-5.235199999999999854e+00
-5.167600000000000193e+00
-5.241200000000000969e+00
-5.250600000000000378e+00
-5.229799999999999116e+00
-5.229599999999999582e+00
-5.208400000000001029e+00
-5.231599999999999362e+00
-5.185799999999998633e+00
-5.211199999999999832e+00
-5.265600000000000946e+00
-5.213400000000000034e+00
-5.248600000000000598e+00
-5.219599999999999795e+00
-5.188800000000000523e+00
-5.227199999999999847e+00
-5.243199999999999861e+00
-5.223599999999999355e+00
-5.247399999999999842e+00
-5.160600000000000520e+00
-5.234799999999999898e+00
-5.202200000000001268e+00
-5.224199999999999733e+00
-5.213600000000001344e+00
-5.230400000000000382e+00
-5.204399999999999693e+00
-5.198999999999998956e+00
-5.204399999999999693e+00
-5.244200000000000195e+00
-5.236400000000001498e+00
-5.206599999999999895e+00
-5.224800000000000111e+00
-5.244600000000001039e+00
-5.184400000000000119e+00
-5.213000000000000078e+00
-5.203799999999999315e+00
-5.208000000000000185e+00
-5.223800000000000665e+00
-5.294599999999999973e+00
-5.209199999999999164e+00
-5.175000000000000711e+00
-5.254599999999999937e+00
-5.195999999999999730e+00
-5.239399999999999835e+00
-5.189199999999999591e+00
-5.234999999999999432e+00
-5.236200000000000188e+00
-5.224600000000000577e+00
-5.220799999999999663e+00
-5.259800000000000253e+00
-5.232199999999999740e+00
-5.185800000000001297e+00
-5.216399999999999260e+00
-5.234199999999999520e+00
-5.266999999999999460e+00
-5.199200000000000266e+00
-5.265800000000000480e+00
-5.239799999999998903e+00
-5.206400000000000361e+00
-5.295400000000000773e+00
-5.249599999999999156e+00
-5.210200000000000387e+00
-5.236600000000000144e+00
-5.211800000000000210e+00
-5.250999999999999446e+00
-5.182799999999999407e+00
-5.260199999999999321e+00
-5.234600000000000364e+00
-5.212000000000000632e+00
-5.219199999999998951e+00
-5.238199999999999079e+00
-5.237199999999999633e+00
-5.177599999999999980e+00
-5.203599999999999781e+00
-5.290000000000000924e+00
-5.200399999999999245e+00
-5.200199999999998823e+00
-5.220199999999999285e+00
-5.195399999999999352e+00
-5.264400000000000190e+00
-5.216400000000000148e+00
-5.230599999999999028e+00
-5.206799999999999429e+00
-5.156800000000000495e+00
-5.214199999999999946e+00
-5.226200000000000401e+00
-5.235199999999998965e+00
-5.216400000000000148e+00
-5.230800000000000338e+00
-5.204800000000000537e+00
-5.218800000000000772e+00
-5.185999999999999943e+00
-5.226399999999999935e+00
-5.214199999999999946e+00
-5.269399999999999196e+00
-5.199200000000000266e+00
-5.230400000000001270e+00
-5.216400000000000148e+00
-5.215600000000000236e+00
-5.246800000000000352e+00
-5.180799999999999628e+00
-5.198800000000000310e+00
-5.224600000000000577e+00
-5.225600000000000023e+00
-5.225600000000000023e+00
-5.231799999999999784e+00
-5.221999999999999531e+00
-5.218399999999999928e+00
-5.256000000000000227e+00
-5.209999999999999964e+00
-5.222999999999999865e+00
-5.234199999999999520e+00
-5.250799999999999912e+00
-5.242399999999999949e+00
-5.245199999999998752e+00
