-1.201578994297946457e+00
-1.729581285125745271e+00
-1.113062843753656717e+00
3.924294362147052517e+00
-2.173492750862874079e+00
-4.673466952446526435e+00
-7.994283973067904947e-01
1.523482697613375292e+00
5.624601009105109739e+00
1.692880951585309823e+00
1.547160062533133873e+00
-2.803250549800028413e+00
-5.802498452157485165e-01
2.558698449390430341e+00
4.222237493437000388e+00
2.820623977070508381e+00
-3.797005993477283736e-01
1.406013085446251809e+00
-9.892587242457998586e-01
-8.154471572064874607e+00
-9.250146693573945811e+00
8.410723166181940380e-01
-4.980279663444551197e+00
-1.665680255925854114e+00
-2.226546823275427744e+00
-6.538181913499993003e-01
4.462196710473486760e+00
-6.032015996271897329e+00
2.413650863442676098e+00
-2.155572344404565133e+00
4.020359512296695748e+00
-4.625710962506532020e+00
-1.864825128016160960e+00
3.236440197847506584e-01
1.999360062923635217e-01
3.381444714908818483e+00
-2.057310023486395245e+00
-3.027217938061967484e+00
1.541393715909479267e-01
1.082274588374143143e+00
