-5.419999999999988716e-02
-2.254000000000001558e-01
-4.177999999999998937e-01
-5.846000000000001195e-01
-6.936000000000001053e-01
-7.937999999999999501e-01
-8.305999999999998940e-01
-9.277999999999997360e-01
-9.981999999999998652e-01
-1.024000000000000243e+00
-1.109399999999999942e+00
-1.157400000000000206e+00
-1.228599999999999914e+00
-1.301199999999999912e+00
-1.363200000000000189e+00
-1.427799999999999958e+00
-1.517399999999999860e+00
-1.592400000000000260e+00
-1.641800000000000370e+00
-1.720199999999999951e+00
-1.725999999999999979e+00
-1.768399999999999972e+00
-1.817600000000000104e+00
-1.823199999999999932e+00
-1.863399999999999945e+00
-1.885800000000000143e+00
-1.901000000000000023e+00
-1.921999999999999931e+00
-1.928200000000000358e+00
-1.951199999999999601e+00
-1.956000000000000183e+00
-1.984600000000000142e+00
-1.989999999999999769e+00
-1.977200000000000291e+00
-1.979999999999999982e+00
-1.990799999999999903e+00
-2.019000000000000128e+00
-1.991600000000000037e+00
-2.000199999999999534e+00
-2.018200000000000216e+00
-2.008600000000000385e+00
-1.994599999999999707e+00
-1.990600000000000369e+00
-2.003600000000000048e+00
-2.023199999999999665e+00
-2.023600000000000065e+00
-2.037599999999999412e+00
-2.040999999999999481e+00
-2.047200000000000131e+00
-2.012399999999999523e+00
-2.038599999999999746e+00
-2.047199999999999687e+00
-2.030999999999999694e+00
-2.036999999999999922e+00
-2.034199999999999786e+00
-2.028599999999999959e+00
-2.077799999999999869e+00
-2.034199999999999786e+00
-2.025600000000000289e+00
-2.058799999999999741e+00
-2.042799999999999727e+00
-2.040000000000000036e+00
-2.051000000000000156e+00
-2.044199999999999573e+00
-2.020599999999999952e+00
-2.046399999999999775e+00
-2.039000000000000146e+00
-2.058799999999999741e+00
-2.045599999999999863e+00
-2.044200000000000017e+00
-2.035800000000000498e+00
-2.075199999999999712e+00
-2.022800000000000153e+00
-2.061600000000000321e+00
-2.061599999999999877e+00
-2.025200000000000333e+00
-2.044399999999999551e+00
-2.047000000000000153e+00
-2.061799999999999855e+00
-2.056200000000000472e+00
-2.035800000000000054e+00
-2.041799999999999837e+00
-2.053400000000000336e+00
-2.060000000000000497e+00
-2.052200000000000024e+00
-2.047000000000000153e+00
-2.053000000000000380e+00
-2.022199999999999775e+00
-2.044000000000000039e+00
-2.035999999999999588e+00
-2.046399999999999775e+00
-2.061199999999999477e+00
-2.048599999999999532e+00
-2.056599999999999984e+00
-2.049199999999999910e+00
-2.025800000000000267e+00
-2.050400000000000222e+00
-2.057999999999999829e+00
-2.048200000000000021e+00
-2.040200000000000014e+00
-2.043200000000000127e+00
-2.054600000000000204e+00
-2.038599999999999746e+00
-2.042000000000000259e+00
-2.054400000000000226e+00
-2.077000000000000401e+00
-2.045399999999999885e+00
-2.065800000000000303e+00
-2.043800000000000505e+00
-2.030800000000000161e+00
-2.048799999999999955e+00
-2.053799999999999404e+00
-2.053599999999999426e+00
-2.030400000000000205e+00
-2.039800000000000058e+00
-2.039599999999999635e+00
-2.033999999999999808e+00
-2.060399999999999565e+00
-2.030800000000000161e+00
-2.045199999999999907e+00
-2.041399999999999881e+00
-2.050200000000000244e+00
-2.041000000000000369e+00
-2.052799999999999958e+00
-2.068599999999999994e+00
-2.044999999999999929e+00
-2.038999999999999702e+00
-2.048599999999999977e+00
-2.057799999999999851e+00
-2.069599999999999440e+00
-2.048200000000000021e+00
-2.023200000000000109e+00
-2.055600000000000094e+00
-2.055800000000000072e+00
-2.061800000000000743e+00
-2.057799999999999407e+00
-2.048599999999999977e+00
-2.066999999999999726e+00
-2.064599999999999547e+00
-2.031600000000000072e+00
-2.060400000000000009e+00
-2.052799999999999958e+00
-2.027000000000000135e+00
-2.036799999999999944e+00
-2.044799999999999951e+00
-2.036799999999999944e+00
-2.050599999999999756e+00
-2.054799999999999738e+00
-2.053600000000000314e+00
-2.036799999999999944e+00
-2.042799999999999727e+00
-2.043199999999999683e+00
-2.029399999999999871e+00
-2.053199999999999914e+00
-2.031000000000000139e+00
-2.049599999999999866e+00
-2.033399999999999874e+00
-2.055800000000000516e+00
-2.039800000000000058e+00
-2.035800000000000054e+00
-2.060999999999999943e+00
-2.045200000000000351e+00
-2.066200000000000259e+00
-2.038399999999999768e+00
-2.066200000000000259e+00
-2.046199999999999797e+00
-2.043600000000000083e+00
-2.052800000000000402e+00
-2.055800000000000072e+00
-2.062400000000000233e+00
-2.050600000000000200e+00
-2.064600000000000435e+00
-2.035000000000000142e+00
-2.044599999999999973e+00
-2.039800000000000502e+00
-2.073600000000000332e+00
-2.053600000000000314e+00
-2.066799999999999748e+00
-2.063600000000000101e+00
-2.076000000000000068e+00
-2.053999999999999826e+00
-2.048599999999999977e+00
-2.022400000000000198e+00
-2.076199999999999601e+00
-2.084799999999999542e+00
-2.041600000000000303e+00
-2.030400000000000205e+00
-2.042399999999999771e+00
-2.039400000000000102e+00
-2.055400000000000560e+00
-2.058999999999999719e+00
-2.045000000000000373e+00
-2.046799999999999731e+00
-2.046799999999999287e+00
-2.031600000000000072e+00
-2.047600000000000087e+00
-2.053199999999999914e+00
-2.032999999999999918e+00
-2.050599999999999756e+00
-2.049400000000000333e+00
-2.022200000000000220e+00
-2.052799999999999958e+00
-2.050999999999999712e+00
-2.026399999999999757e+00
-2.040800000000000392e+00
-2.042999999999999705e+00
-2.040599999999999969e+00
-2.042399999999999771e+00
-2.048999999999999488e+00
-2.056999999999999496e+00
-2.043799999999999617e+00
-2.040999999999999481e+00
-2.035599999999999632e+00
-2.056000000000000050e+00
-2.048399999999999999e+00
-2.040799999999999947e+00
-2.033600000000000296e+00
-2.046200000000000241e+00
-2.036000000000000032e+00
-2.056400000000000006e+00
-2.060200000000000031e+00
-2.029999999999999805e+00
-2.025399999999999423e+00
-2.060600000000000431e+00
-2.051799999999999624e+00
-2.046400000000000219e+00
-2.057199999999999918e+00
-2.049600000000000311e+00
-2.044199999999999573e+00
-2.062000000000000277e+00
-2.037000000000000366e+00
-2.032999999999999918e+00
-2.043800000000000061e+00
-2.062199999999999811e+00
-2.039000000000000146e+00
-2.024400000000000421e+00
-2.040999999999999925e+00
-2.047000000000000153e+00
-2.045599999999999863e+00
-2.037000000000000366e+00
-2.066599999999999770e+00
-2.033400000000000318e+00
-2.028799999999999937e+00
-2.029400000000000315e+00
-2.048199999999999577e+00
-2.031399999999999650e+00
-2.043800000000000061e+00
-2.058800000000000630e+00
-2.024000000000000021e+00
-2.049399999999999888e+00
-2.035200000000000120e+00
-2.045200000000000351e+00
-2.037799999999999390e+00
-2.038400000000000212e+00
-2.050599999999999756e+00
-2.051199999999999690e+00
-2.054200000000000248e+00
-2.030599999999999739e+00
-2.040800000000000392e+00
-2.065799999999999859e+00
-2.044999999999999929e+00
-2.036399999999999988e+00
-2.042399999999999771e+00
-2.021600000000000286e+00
-2.051399999999999668e+00
-2.060599999999999987e+00
-2.064599999999999991e+00
-2.023800000000000043e+00
-2.050400000000000222e+00
-2.046200000000000685e+00
-2.035200000000000120e+00
-2.056000000000000050e+00
-2.054199999999999804e+00
-2.013799999999999812e+00
-2.050800000000000178e+00
-2.050600000000000200e+00
-2.032200000000000006e+00
-2.040399999999999991e+00
-2.045599999999999863e+00
-2.041599999999999859e+00
-2.037399999999999878e+00
-2.057999999999999829e+00
-2.040599999999999969e+00
-2.047600000000000087e+00
-2.057800000000000296e+00
-2.028599999999999959e+00
-2.064000000000000057e+00
-2.042999999999999705e+00
-2.062399999999999789e+00
-2.021599999999999842e+00
-2.057600000000000318e+00
-2.055199999999999694e+00
-2.031800000000000050e+00
-2.035200000000000120e+00
-2.082599999999999785e+00
-2.038199999999999790e+00
-2.057200000000000362e+00
-2.047199999999999687e+00
-2.039399999999999658e+00
-2.031399999999999650e+00
-2.041399999999999881e+00
-2.050000000000000266e+00
-2.032599999999999962e+00
-2.039399999999999658e+00
-2.053800000000000292e+00
-2.025200000000000333e+00
-2.060599999999999987e+00
-2.043000000000000149e+00
-2.030000000000000249e+00
-2.057000000000000384e+00
-2.046599999999999753e+00
-2.030600000000000183e+00
-2.072000000000000064e+00
-2.054199999999999804e+00
-2.031600000000000072e+00
-2.052799999999999958e+00
-2.075000000000000178e+00
-2.045799999999999397e+00
-2.076400000000000468e+00
-2.045199999999999907e+00
-2.051200000000000134e+00
-2.024999999999999911e+00
-2.022999999999999687e+00
-2.043200000000000127e+00
-2.064999999999999947e+00
-2.049999999999999822e+00
-2.050799999999999734e+00
-2.048000000000000043e+00
-2.050400000000000222e+00
-2.025999999999999801e+00
-2.029400000000000315e+00
-2.061999999999999833e+00
-2.052799999999999958e+00
-2.039600000000000080e+00
-2.039200000000000124e+00
-2.050199999999999800e+00
-2.024199999999999999e+00
-2.017199999999999882e+00
-2.037999999999999812e+00
-2.068999999999999950e+00
-2.048399999999999999e+00
-2.034600000000000186e+00
-2.040399999999999991e+00
-2.046799999999999731e+00
-2.021200000000000330e+00
-2.040600000000000414e+00
-2.031600000000000072e+00
-2.041599999999999859e+00
-2.047399999999999665e+00
-2.034799999999999720e+00
-2.020399999999999530e+00
-2.042200000000000237e+00
-2.029200000000000337e+00
-2.043600000000000083e+00
-2.053399999999999892e+00
-2.035400000000000098e+00
-2.064999999999999947e+00
-2.066999999999999726e+00
-2.046599999999999753e+00
-2.052399999999999558e+00
-2.064400000000000013e+00
-2.055000000000000160e+00
-2.057999999999999829e+00
-2.067599999999999660e+00
-2.040999999999999925e+00
-2.043800000000000061e+00
-2.040599999999999969e+00
-2.039800000000000058e+00
-2.040200000000000014e+00
-2.035000000000000142e+00
-2.069399999999999906e+00
-2.046400000000000219e+00
-2.043000000000000149e+00
-2.058399999999999785e+00
-2.041800000000000281e+00
-2.063800000000000079e+00
-2.047399999999999665e+00
-2.042600000000000193e+00
-2.033600000000000296e+00
-2.050200000000000244e+00
-2.030199999999999783e+00
-2.066599999999999770e+00
-2.044599999999999973e+00
-2.045800000000000285e+00
-2.066399999999999793e+00
-2.048200000000000465e+00
-2.052000000000000046e+00
-2.075600000000000112e+00
-2.051999999999999602e+00
-2.039600000000000080e+00
-2.017199999999999882e+00
-2.042800000000000171e+00
-2.063200000000000145e+00
-2.061799999999999855e+00
-2.035199999999999676e+00
-2.049599999999999866e+00
-2.040400000000000436e+00
-2.028200000000000003e+00
-2.059599999999999653e+00
-2.070799999999999752e+00
-2.020000000000000018e+00
-2.075000000000000178e+00
-2.071000000000000174e+00
-2.040000000000000480e+00
-2.036599999999999522e+00
-2.069399999999999906e+00
-2.038000000000000256e+00
-2.047800000000000065e+00
-2.037199999999999900e+00
-2.041999999999999815e+00
-2.051799999999999624e+00
-2.067400000000000126e+00
-2.039400000000000102e+00
-2.056600000000000428e+00
-2.036599999999999522e+00
-2.067399999999999682e+00
-2.036000000000000032e+00
-2.031200000000000117e+00
-2.039200000000000124e+00
-2.038400000000000212e+00
-2.042799999999999727e+00
-2.043000000000000593e+00
-2.040399999999999991e+00
-2.049800000000000288e+00
-2.051599999999999646e+00
-2.064999999999999947e+00
-2.045199999999999907e+00
-2.047600000000000087e+00
-2.057199999999999918e+00
-2.041399999999999881e+00
-2.029600000000000293e+00
-2.043200000000000127e+00
-2.044399999999999551e+00
-2.035400000000000098e+00
-2.044000000000000039e+00
-2.018400000000000638e+00
-2.060400000000000453e+00
-2.069599999999999884e+00
-2.039400000000000102e+00
-2.032799999999999940e+00
-2.041000000000000369e+00
-2.041599999999999859e+00
-2.066400000000000237e+00
-2.039400000000000546e+00
-2.062400000000000233e+00
-2.042200000000000237e+00
-2.061399999999999899e+00
-2.021799999999999820e+00
-2.030599999999999739e+00
-2.050800000000000178e+00
-2.076600000000000446e+00
-2.029600000000000293e+00
-2.046799999999999731e+00
-2.040200000000000014e+00
-2.022199999999999775e+00
-2.058200000000000252e+00
-2.025400000000000311e+00
-2.062199999999999811e+00
-2.066399999999999793e+00
-2.064799999999999969e+00
-2.033199999999999896e+00
-2.043800000000000061e+00
-2.040600000000000414e+00
-2.058200000000000252e+00
-2.035000000000000142e+00
-2.048599999999999977e+00
-2.077399999999999913e+00
-2.046800000000000175e+00
-2.044999999999999929e+00
-2.054200000000000248e+00
-2.020000000000000018e+00
-2.037600000000000300e+00
-2.044999999999999929e+00
-2.039399999999999658e+00
-2.040399999999999547e+00
-2.035000000000000142e+00
-2.045399999999999885e+00
-2.060400000000000009e+00
-2.048399999999999999e+00
-2.045800000000000285e+00
-2.029199999999999893e+00
-2.058199999999999807e+00
-2.036799999999999944e+00
-2.056400000000000006e+00
-2.032399999999999540e+00
-2.051400000000000112e+00
-2.052400000000000002e+00
-2.069199999999999928e+00
-2.023200000000000109e+00
-2.043000000000000149e+00
-2.036000000000000032e+00
-2.027599999999999625e+00
-2.043000000000000149e+00
-2.050799999999999734e+00
-2.039000000000000146e+00
-2.025800000000000267e+00
-2.057600000000000318e+00
-2.033399999999999430e+00
-2.040199999999999569e+00
-2.051200000000000134e+00
