-1.063999999999998836e-01
-1.215599999999999792e+00
-1.941400000000000015e+00
-2.426400000000000112e+00
-2.692599999999999660e+00
-2.802000000000000046e+00
-2.948600000000000332e+00
-2.995600000000000041e+00
-3.111799999999999677e+00
-3.143399999999999750e+00
-3.181400000000000006e+00
-3.202599999999999447e+00
-3.289600000000000080e+00
-3.277200000000000113e+00
-3.327000000000000401e+00
-3.291999999999999815e+00
-3.339399999999999480e+00
-3.326799999999999091e+00
-3.321200000000000152e+00
-3.354400000000000048e+00
-3.378000000000001002e+00
-3.374200000000000976e+00
-3.382200000000000983e+00
-3.363399999999999945e+00
-3.370999999999999552e+00
-3.355800000000000338e+00
-3.395599999999999064e+00
-3.383599999999999497e+00
-3.380200000000000315e+00
-3.399399999999999977e+00
-3.390600000000000058e+00
-3.370600000000000485e+00
-3.397000000000000242e+00
-3.408400000000000318e+00
-3.421599999999999753e+00
-3.398800000000000043e+00
-3.423399999999999554e+00
-3.409399999999999320e+00
-3.394400000000000084e+00
-3.417599999999999749e+00
-3.415600000000001302e+00
-3.416800000000000281e+00
-3.405400000000001093e+00
-3.405600000000000183e+00
-3.431000000000000050e+00
-3.412399999999999878e+00
-3.398999999999999577e+00
-3.411599999999999522e+00
-3.418400000000000105e+00
-3.412000000000000810e+00
-3.404600000000000293e+00
-3.429600000000000648e+00
-3.424000000000000821e+00
-3.443200000000000038e+00
-3.401599999999999735e+00
-3.399999999999999911e+00
-3.430399999999999672e+00
-3.443599999999999994e+00
-3.436799999999999411e+00
-3.434200000000000585e+00
-3.422599999999999199e+00
-3.438399999999999679e+00
-3.408400000000000318e+00
-3.432400000000000340e+00
-3.425400000000000666e+00
-3.425600000000001089e+00
-3.415000000000000480e+00
-3.426799999999999624e+00
-3.448200000000000820e+00
-3.432600000000000762e+00
-3.418000000000000149e+00
-3.441799999999999748e+00
-3.437199999999999367e+00
-3.427000000000000490e+00
-3.425800000000001067e+00
-3.455600000000000005e+00
-3.447599999999999998e+00
-3.421599999999999753e+00
-3.425800000000000178e+00
-3.445000000000000284e+00
-3.432199999999999918e+00
-3.445800000000000196e+00
-3.442199999999999704e+00
-3.429600000000000204e+00
-3.450599999999999667e+00
-3.436600000000000321e+00
-3.431200000000000472e+00
-3.458000000000000185e+00
-3.450000000000000178e+00
-3.417999999999999705e+00
-3.407200000000000450e+00
-3.433600000000000207e+00
-3.406399999999999206e+00
-3.440399999999999903e+00
-3.439400000000000901e+00
-3.442000000000000171e+00
-3.422799999999999621e+00
-3.433000000000001162e+00
-3.450000000000000178e+00
-3.437400000000000233e+00
-3.439000000000000945e+00
-3.453400000000000247e+00
-3.464400000000000368e+00
-3.432799999999999851e+00
-3.454399999999999693e+00
-3.458399999999999253e+00
-3.440800000000000303e+00
-3.450599999999999667e+00
-3.424600000000000311e+00
-3.438600000000000101e+00
-3.466000000000000192e+00
-3.437599999999999767e+00
-3.445399999999999796e+00
-3.444600000000000328e+00
-3.466000000000000192e+00
-3.455800000000000871e+00
-3.466600000000000126e+00
-3.435400000000000453e+00
-3.422400000000000553e+00
-3.447799999999999976e+00
-3.446600000000000108e+00
-3.467999999999999527e+00
-3.449600000000000666e+00
-3.455999999999999517e+00
-3.458800000000000097e+00
-3.429200000000000692e+00
-3.444400000000000350e+00
-3.448000000000000398e+00
-3.439799999999999969e+00
-3.448199999999999488e+00
-3.438000000000000167e+00
-3.431000000000000494e+00
-3.455000000000000515e+00
-3.452199999999999935e+00
-3.447400000000000464e+00
-3.411800000000000388e+00
-3.457399999999998919e+00
-3.442200000000000149e+00
-3.462600000000000566e+00
-3.466199999999998838e+00
-3.471199999999999175e+00
-3.457999999999999297e+00
-3.467999999999999527e+00
-3.457200000000000273e+00
-3.487800000000000455e+00
-3.451000000000000512e+00
-3.476200000000000401e+00
-3.455600000000000005e+00
-3.460599999999999898e+00
-3.472800000000000775e+00
-3.447200000000000042e+00
-3.442800000000000971e+00
-3.416399999999999881e+00
-3.467600000000000016e+00
-3.438400000000000567e+00
-3.445400000000000684e+00
-3.476000000000000423e+00
-3.472399999999999487e+00
-3.427000000000000046e+00
-3.460600000000000787e+00
-3.459200000000000941e+00
-3.447999999999999954e+00
-3.456799999999999873e+00
-3.476199999999999957e+00
-3.458799999999999653e+00
-3.451000000000000512e+00
-3.445400000000000684e+00
-3.462400000000000588e+00
-3.430599999999999650e+00
-3.460999999999999854e+00
-3.455200000000000049e+00
-3.432400000000000340e+00
-3.463599999999999568e+00
-3.473799999999999777e+00
-3.447400000000000020e+00
-3.459000000000000075e+00
-3.430400000000000560e+00
-3.444000000000000838e+00
-3.438799999999999635e+00
-3.451400000000000023e+00
-3.465800000000000658e+00
-3.468000000000000860e+00
-3.460799999999999876e+00
-3.469000000000000306e+00
-3.454400000000000137e+00
-3.448999999999999844e+00
-3.458400000000000585e+00
-3.451200000000000045e+00
-3.450599999999999667e+00
-3.494399999999999729e+00
-3.472999999999999865e+00
-3.454600000000000115e+00
-3.462400000000000588e+00
-3.447200000000000486e+00
-3.467999999999999527e+00
-3.471800000000000441e+00
-3.428999999999999382e+00
-3.469599999999999351e+00
-3.441399999999999793e+00
-3.462999999999999190e+00
-3.448000000000000398e+00
-3.453400000000000691e+00
-3.458600000000000563e+00
-3.458400000000000585e+00
-3.443000000000000060e+00
-3.481799999999999784e+00
-3.453399999999999803e+00
-3.434800000000000519e+00
-3.461399999999999366e+00
-3.470399999999999707e+00
-3.465199999999999836e+00
-3.435599999999999987e+00
-3.469399999999999817e+00
-3.419999999999999929e+00
-3.446800000000000086e+00
-3.436800000000000299e+00
-3.446799999999999642e+00
-3.447600000000000442e+00
-3.461199999999999388e+00
-3.436600000000000321e+00
-3.472399999999999931e+00
-3.450599999999999667e+00
-3.471600000000000463e+00
-3.471599999999999575e+00
-3.448999999999999844e+00
-3.466400000000000148e+00
-3.436399999999999899e+00
-3.481599999999999362e+00
-3.473199999999999843e+00
-3.464599999999999458e+00
-3.459599999999999120e+00
-3.448400000000000354e+00
-3.488399999999999501e+00
-3.465599999999999348e+00
-3.467600000000000016e+00
-3.467400000000000482e+00
-3.461400000000000254e+00
-3.479200000000000959e+00
-3.463600000000000012e+00
-3.479000000000000092e+00
-3.442999999999999616e+00
-3.466799999999999660e+00
-3.416199999999999903e+00
-3.466400000000000592e+00
-3.454799999999999649e+00
-3.468200000000000394e+00
-3.456799999999999429e+00
-3.468400000000000816e+00
-3.456599999999999895e+00
-3.489000000000000767e+00
-3.480599999999999472e+00
-3.464799999999999880e+00
-3.469800000000001106e+00
-3.472399999999999487e+00
-3.451799999999999979e+00
-3.447199999999999598e+00
-3.461799999999999766e+00
-3.479000000000000092e+00
-3.460600000000000342e+00
-3.460800000000000765e+00
-3.455599999999999117e+00
-3.474800000000000111e+00
-3.482800000000000118e+00
-3.471600000000000907e+00
-3.470199999999998841e+00
-3.463400000000000478e+00
-3.442800000000000082e+00
-3.486000000000000654e+00
-3.445199999999999818e+00
-3.463999999999999968e+00
-3.431200000000000028e+00
-3.453600000000000225e+00
-3.448600000000000332e+00
-3.490800000000000125e+00
-3.463600000000000456e+00
-3.466000000000000192e+00
-3.456199999999999939e+00
-3.459399999999999586e+00
-3.442400000000000126e+00
-3.470400000000000151e+00
-3.484999999999999876e+00
-3.461000000000000298e+00
-3.466200000000000614e+00
-3.471999999999999531e+00
-3.480399999999999938e+00
-3.476800000000000779e+00
-3.469799999999999773e+00
-3.491999999999999993e+00
-3.442399999999999238e+00
-3.491999999999999993e+00
-3.458199999999999719e+00
-3.469199999999999839e+00
-3.480999999999999428e+00
-3.477599999999999802e+00
-3.463000000000000078e+00
-3.467200000000000504e+00
-3.465399999999999814e+00
-3.454600000000000115e+00
-3.477999999999999758e+00
-3.463000000000000078e+00
-3.464599999999999902e+00
-3.495799999999999574e+00
-3.458399999999999697e+00
-3.476799999999999446e+00
-3.473399999999999821e+00
-3.446000000000000174e+00
-3.452599999999999891e+00
-3.468799999999999883e+00
-3.475599999999999135e+00
-3.443599999999999550e+00
-3.470800000000000107e+00
-3.465800000000000658e+00
-3.468799999999999883e+00
-3.472000000000000419e+00
-3.471200000000000063e+00
-3.454600000000000115e+00
-3.437600000000000211e+00
-3.456800000000000317e+00
-3.457400000000000695e+00
-3.469800000000000217e+00
-3.484200000000000408e+00
-3.462199999999999722e+00
-3.454399999999999693e+00
-3.437600000000000655e+00
-3.458599999999999675e+00
-3.481600000000000694e+00
-3.466400000000000148e+00
-3.462399999999999700e+00
-3.423400000000000443e+00
-3.457600000000000229e+00
-3.467199999999999616e+00
-3.477999999999999758e+00
-3.444199999999999928e+00
-3.450000000000000178e+00
-3.463400000000000034e+00
-3.474800000000000111e+00
-3.481999999999999318e+00
-3.454999999999999183e+00
-3.458400000000000141e+00
-3.463999999999999968e+00
-3.483199999999999630e+00
-3.468799999999999883e+00
-3.473599999999999355e+00
-3.452399999999999025e+00
-3.469199999999999839e+00
-3.478399999999999270e+00
-3.461199999999999832e+00
-3.441999999999999282e+00
-3.451200000000000045e+00
-3.472400000000000375e+00
-3.431799999999999962e+00
-3.461999999999999744e+00
-3.460599999999999898e+00
-3.479799999999999560e+00
-3.468799999999999439e+00
-3.453399999999999359e+00
-3.476599999999999469e+00
-3.465800000000000214e+00
-3.456400000000000361e+00
-3.445400000000000240e+00
-3.473799999999999777e+00
-3.455199999999999605e+00
-3.454000000000000625e+00
-3.478600000000000136e+00
-3.480000000000000426e+00
-3.452599999999999891e+00
-3.480200000000000404e+00
-3.471199999999999175e+00
-3.445199999999999374e+00
-3.483399999999999608e+00
-3.487599999999999589e+00
-3.466400000000001036e+00
-3.460799999999998988e+00
-3.490399999999999725e+00
-3.462600000000000566e+00
-3.489800000000000235e+00
-3.491600000000000037e+00
-3.466400000000000148e+00
-3.437800000000000633e+00
-3.462400000000000588e+00
-3.467599999999999572e+00
-3.461199999999999388e+00
-3.471400000000000041e+00
-3.465000000000000302e+00
-3.487200000000000522e+00
-3.460400000000000365e+00
-3.448199999999999488e+00
-3.467999999999999527e+00
-3.439600000000000435e+00
-3.500799999999999468e+00
-3.478000000000000647e+00
-3.448799999999999422e+00
-3.435999999999999943e+00
-3.475400000000000933e+00
-3.457199999999999829e+00
-3.462200000000000610e+00
-3.461199999999999832e+00
-3.463799999999999990e+00
-3.463600000000001788e+00
-3.439599999999999547e+00
-3.477800000000000225e+00
-3.484799999999999010e+00
-3.458999999999999631e+00
-3.457600000000000229e+00
-3.482400000000000606e+00
-3.470599999999999685e+00
-3.456399999999999917e+00
-3.465399999999999814e+00
-3.467600000000000460e+00
-3.451999999999999957e+00
-3.461400000000000254e+00
-3.448600000000000332e+00
-3.470600000000000129e+00
-3.469199999999999839e+00
-3.453199999999999825e+00
-3.476399999999999935e+00
-3.449600000000000222e+00
-3.480600000000000804e+00
-3.469400000000000261e+00
-3.468399999999999483e+00
-3.467600000000000016e+00
-3.446400000000000130e+00
-3.469600000000000239e+00
-3.462799999999999212e+00
-3.454599999999999671e+00
-3.467799999999998661e+00
-3.465199999999999836e+00
-3.484800000000000786e+00
-3.464799999999999880e+00
-3.478200000000000180e+00
-3.473600000000000243e+00
-3.463600000000000456e+00
-3.465200000000000280e+00
-3.467200000000000504e+00
-3.478599999999999692e+00
-3.474599999999999689e+00
-3.454200000000000603e+00
-3.474600000000000133e+00
-3.471399999999999597e+00
-3.465199999999998948e+00
-3.451199999999999601e+00
-3.481599999999999806e+00
-3.426599999999999646e+00
-3.481599999999999362e+00
-3.446599999999999220e+00
-3.461799999999999322e+00
-3.468200000000000394e+00
-3.464399999999999480e+00
-3.455999999999999961e+00
-3.448800000000000310e+00
-3.468600000000000350e+00
-3.450800000000000090e+00
-3.475600000000000023e+00
-3.487200000000000077e+00
-3.470000000000000195e+00
-3.479200000000000514e+00
-3.449999999999999289e+00
-3.476799999999999891e+00
-3.448799999999999422e+00
-3.469599999999999795e+00
-3.468800000000000328e+00
-3.463400000000000478e+00
-3.475999999999999979e+00
-3.463199999999999612e+00
-3.462200000000000610e+00
-3.470799999999999663e+00
-3.467000000000000082e+00
-3.458999999999999631e+00
-3.472399999999999931e+00
-3.473200000000000731e+00
-3.477200000000000291e+00
-3.474800000000000111e+00
-3.447999999999999510e+00
-3.447200000000000486e+00
-3.450400000000000134e+00
-3.476799999999999891e+00
-3.465199999999999836e+00
-3.470200000000000617e+00
-3.467200000000000060e+00
-3.464800000000000324e+00
-3.476999999999999424e+00
-3.462600000000000122e+00
-3.469199999999999839e+00
-3.474600000000000133e+00
-3.467999999999999527e+00
-3.457999999999999741e+00
-3.468400000000000372e+00
-3.454399999999999693e+00
-3.448800000000000310e+00
-3.485599999999999810e+00
-3.470599999999999241e+00
-3.473600000000000243e+00
-3.464200000000000390e+00
-3.460399999999999920e+00
-3.475800000000000001e+00
-3.467999999999999972e+00
-3.468599999999999905e+00
-3.449999999999999734e+00
-3.448399999999999466e+00
-3.478799999999998782e+00
