-7.411905423922856562e-01
-1.061043857934847789e+00
-1.303912136819397327e+00
-1.513017280651652197e+00
-1.714058137425045869e+00
-1.919465554199259127e+00
-2.135212199413758061e+00
-2.364315064233766694e+00
-2.607127692580675671e+00
-2.859620850864239117e+00
-3.111908310626353202e+00
-3.349564022164167376e+00
-3.558293652066260471e+00
-3.729253506531013507e+00
-3.861353857457323624e+00
-3.959615057960895967e+00
-4.031699625492140449e+00
-4.085061124375448216e+00
-4.125603087923792600e+00
-4.157490691156248808e+00
-4.183477693459627389e+00
-4.205329383332037985e+00
-4.224171333295613451e+00
-4.240731898797541533e+00
-4.255496863879768554e+00
-4.268803513963728591e+00
-4.280896501904207341e+00
-4.291960782460232160e+00
-4.302141167240927544e+00
-4.311554182335959773e+00
-4.320295508189041733e+00
-4.328444860854228970e+00
-4.336069359354107533e+00
-4.343225966011684314e+00
-4.349963332370474056e+00
-4.356323242993315858e+00
-4.362341772003635931e+00
-4.368050224214375277e+00
-4.373475908393015033e+00
-4.378642776084793908e+00
-4.383571950832837238e+00
-4.388282167105548304e+00
-4.392790134435441196e+00
-4.397110839477469391e+00
-4.401257796526960142e+00
-4.405243255289686743e+00
-4.409078373253188410e+00
-4.412773358800208712e+00
-4.416337590187310091e+00
-4.419779714653521374e+00
-4.423107731200431658e+00
-4.426329059976649383e+00
-4.429450600689555095e+00
-4.432478782040135457e+00
-4.435419603820873746e+00
-4.438278673020195519e+00
-4.441061235031137144e+00
-4.443772200858273180e+00
-4.446416171048805488e+00
-4.448997456935305905e+00
-4.451520099663831331e+00
-4.453987887388224820e+00
-4.456404370935429071e+00
-4.458772878185171429e+00
-4.461096527357374164e+00
-4.463378239360887179e+00
-4.465620749324744843e+00
-4.467826617407949286e+00
-4.469998238963492909e+00
-4.472137854116753353e+00
-4.474247556805899251e+00
-4.476329303322768460e+00
-4.478384920385451551e+00
-4.480416112768336845e+00
-4.482424470511531922e+00
-4.484411475728596663e+00
-4.486378509029524508e+00
-4.488326855574423568e+00
-4.490257710772459276e+00
-4.492172185639997650e+00
-4.494071311831455695e+00
-4.495956046356408997e+00
-4.497827275996128193e+00
-4.499685821432914956e+00
-4.501532441105682736e+00
-4.503367834805013459e+00
-4.505192647021394770e+00
-4.507007470059900101e+00
-4.508812846934928231e+00
-4.510609274058539953e+00
-4.512397203735599049e+00
-4.514177046479456834e+00
-4.515949173160974439e+00
-4.517713917004376079e+00
-4.519471575442514322e+00
-4.521222411844488143e+00
-4.522966657127843071e+00
-4.524704511267601426e+00
-4.526436144713820831e+00
-4.528161699729187362e+00
-4.529881291657520848e+00
-4.531595010133818491e+00
-4.533302920245768419e+00
-4.535005063656227797e+00
-4.536701459695549055e+00
-4.538392106431961892e+00
-4.540076981727433569e+00
-4.541756044286024974e+00
-4.543429234700520958e+00
-4.545096476502727079e+00
-4.546757677221717309e+00
-4.548412729453604975e+00
-4.550061511945408199e+00
-4.551703890694807519e+00
-4.553339720066557739e+00
-4.554968843925613520e+00
-4.556591096785933992e+00
-4.558206304973253964e+00
-4.559814287799284216e+00
-4.561414858743927603e+00
-4.563007826641612752e+00
-4.564592996866991825e+00
-4.566170172514865122e+00
-4.567739155568800058e+00
-4.569299748052238819e+00
-4.570851753156139452e+00
-4.572394976336480177e+00
-4.573929226375473611e+00
-4.575454316400016097e+00
-4.576970064851131781e+00
-4.578476296398783951e+00
-4.579972842796300903e+00
-4.581459543669554435e+00
-4.582936247236387040e+00
-4.584402810952417973e+00
-4.585859102080113381e+00
-4.587304998178626469e+00
-4.588740387512828534e+00
-4.590165169380477472e+00
-4.591579254357577966e+00
-4.592982564462400497e+00
-4.594375033239677109e+00
-4.595756605766989189e+00
-4.597127238586177000e+00
-4.598486899563038577e+00
-4.599835567679352977e+00
-4.601173232761526677e+00
-4.602499895150724996e+00
-4.603815565319613334e+00
-4.605120263441057737e+00
-4.606414018914414044e+00
-4.607696869855013588e+00
-4.608968862552634604e+00
-4.610230050904534416e+00
-4.611480495828703674e+00
-4.612720264662756975e+00
-4.613949430553651254e+00
-4.615168071843303466e+00
-4.616376271454734947e+00
-4.617574116283210905e+00
-4.618761696596443755e+00
-4.619939105447593342e+00
-4.621106438104392033e+00
-4.622263791497562835e+00
-4.623411263690937467e+00
-4.624548953375880345e+00
-4.625676959391659793e+00
-4.626795380273692970e+00
-4.627904313830635274e+00
-4.629003856751595869e+00
-4.630094104243960729e+00
-4.631175149702372096e+00
-4.632247084408978033e+00
-4.633309997264902336e+00
-4.634363974552750065e+00
-4.635409099729554505e+00
-4.636445453249702808e+00
-4.637473112416865106e+00
-4.638492151264331120e+00
-4.639502640462354499e+00
-4.640504647251721515e+00
-4.641498235402153227e+00
-4.642483465194365166e+00
-4.643460393424419408e+00
-4.644429073429058974e+00
-4.645389555130636339e+00
-4.646341885100176761e+00
-4.647286106637294800e+00
-4.648222259865435468e+00
-4.649150381841142377e+00
-4.650070506675887394e+00
-4.650982665669277871e+00
-4.651886887452100439e+00
-4.652783198138128462e+00
-4.653671621483342236e+00
-4.654552179051377969e+00
-4.655424890384137093e+00
-4.656289773176316871e+00
-4.657146843453009666e+00
-4.657996115749205579e+00
-4.658837603290410634e+00
-4.659671318173422172e+00
-4.660497271546469200e+00
-4.661315473787983166e+00
-4.662125934683338357e+00
-4.662928663598773227e+00
-4.663723669652116044e+00
-4.664510961879623885e+00
-4.665290549398529940e+00
-4.666062441564911900e+00
-4.666826648126419563e+00
-4.667583179369628077e+00
-4.668332046261685520e+00
-4.669073260586081631e+00
-4.669806835072285445e+00
-4.670532783519176334e+00
-4.671251120912079280e+00
-4.671961863533416803e+00
-4.672665029066897624e+00
-4.673360636695202075e+00
-4.674048707191222896e+00
-4.674729263002948443e+00
-4.675402328331937696e+00
-4.676067929205603768e+00
-4.676726093543299712e+00
-4.677376851216487275e+00
-4.678020234102914898e+00
-4.678656276135193970e+00
-4.679285013343751132e+00
-4.679906483894444413e+00
-4.680520728120988849e+00
-4.681127788552391422e+00
-4.681727709935560533e+00
-4.682320539253365332e+00
-4.682906325738297681e+00
-4.683485120881904606e+00
-4.684056978440301222e+00
-4.684621954435915114e+00
-4.685180107155675344e+00
-4.685731497145818381e+00
-4.686276187203630705e+00
-4.686814242366205363e+00
-4.687345729896532198e+00
-4.687870719267022146e+00
-4.688389282140744463e+00
-4.688901492350549205e+00
-4.689407425876281010e+00
-4.689907160820252940e+00
-4.690400777381198871e+00
-4.690888357826932697e+00
-4.691369986465806718e+00
-4.691845749617229444e+00
-4.692315735581458647e+00
-4.692780034608750483e+00
-4.693238738868137361e+00
-4.693691942416002405e+00
-4.694139741164565116e+00
-4.694582232850613046e+00
-4.695019517004393350e+00
-4.695451694919207775e+00
-4.695878869621498808e+00
-4.696301145841950131e+00
-4.696718629987524984e+00
-4.697131430114746209e+00
-4.697539655904420464e+00
-4.697943418637833268e+00
-4.698342831174790568e+00
-4.698738007933521921e+00
-4.699129064872706429e+00
-4.699516119475797282e+00
-4.699899290737761248e+00
-4.700278699154468498e+00
-4.700654466714922819e+00
-4.701026716896402391e+00
-4.701395574662840637e+00
-4.701761166466491559e+00
-4.702123620253113145e+00
-4.702483065470824286e+00
-4.702839633082858128e+00
-4.703193455584274041e+00
-4.703544667022920400e+00
-4.703893403024720143e+00
-4.704239800823534878e+00
-4.704583999295668839e+00
-4.704926138999266705e+00
-4.705266362218738507e+00
-4.705604813014288013e+00
-4.705941637276914058e+00
-4.706276982788722307e+00
-4.706610999288994179e+00
-4.706943838545978309e+00
-4.707275654434575962e+00
-4.707606603020094482e+00
-4.707936842648138942e+00
-4.708266534040792983e+00
-4.708595840399199872e+00
-4.708924927512565972e+00
-4.709253963873830884e+00
-4.709583120801884348e+00
-4.709912572570508438e+00
-4.710242496544096547e+00
-4.710573073320068360e+00
-4.710904486878064290e+00
-4.711236924735875853e+00
-4.711570578112017849e+00
-4.711905642094927238e+00
-4.712242315818550686e+00
-4.712580802644278144e+00
-4.712921310348925807e+00
-4.713264051318511783e+00
-4.713609242747565986e+00
-4.713957106843436939e+00
-4.714307871035326336e+00
-4.714661768187330182e+00
-4.715019036814949160e+00
-4.715379921304254651e+00
-4.715744672132899495e+00
-4.716113546092002728e+00
-4.716486806507729668e+00
-4.716864723461310582e+00
-4.717247574006067978e+00
-4.717635642379793381e+00
-4.718029220210663510e+00
-4.718428606714550888e+00
-4.718834108881564404e+00
-4.719246041649099332e+00
-4.719664728058631020e+00
-4.720090499393060135e+00
-4.720523695291088728e+00
-4.720964663834831931e+00
-4.721413761606346959e+00
-4.721871353708578134e+00
-4.722337813745491886e+00
-4.722813523756108189e+00
-4.723298874096323985e+00
-4.723794263262184323e+00
-4.724300097647743613e+00
-4.724816791230009194e+00
-4.725344765173328021e+00
-4.725884447344728123e+00
-4.726436271731584426e+00
-4.727000677752452695e+00
-4.727578109451626709e+00
-4.728169014567673578e+00
-4.728773843466026250e+00
-4.729393047925842808e+00
-4.730027079771002896e+00
-4.730676389335970455e+00
-4.731341423757202236e+00
-4.732022625081811817e+00
-4.732720428186125261e+00
-4.733435258497969755e+00
-4.734167529518417794e+00
-4.734917640140562156e+00
-4.735685971765550839e+00
-4.736472885219045637e+00
-4.737278717474589840e+00
-4.738103778194529880e+00
-4.738948346103551756e+00
-4.739812665214677700e+00
-4.740696940933303516e+00
-4.741601336070575989e+00
-4.742525966803603055e+00
-4.743470898626578780e+00
-4.744436142343344542e+00
-4.745421650158537119e+00
-4.746427311930579762e+00
-4.747452951655744435e+00
-4.748498324257132808e+00
-4.749563112756659322e+00
-4.750646925910463558e+00
-4.751749296389075283e+00
-4.752869679582470752e+00
-4.754007453106833481e+00
-4.755161917083746914e+00
-4.756332295254143361e+00
-4.757517736977760592e+00
-4.758717320154913111e+00
-4.759930055090594969e+00
-4.761154889301805859e+00
-4.762390713248367824e+00
-4.763636366944733247e+00
-4.764890647387778344e+00
-4.766152316712537917e+00
-4.767420110965956859e+00
-4.768692749369085604e+00
-4.769968943920872562e+00
-4.771247409183359878e+00
-4.772526872078949545e+00
-4.773806081526499767e+00
-4.775083817743988490e+00
-4.776358901052039307e+00
-4.777630200024725937e+00
-4.778896638850397949e+00
-4.780157203786387754e+00
-4.781410948615715917e+00
-4.782656999040610479e+00
-4.783894555975421348e+00
-4.785122897729946700e+00
-4.786341381100865711e+00
-4.787549441414637563e+00
-4.788746591587122126e+00
-4.789932420284412018e+00
-4.791106589283983475e+00
-4.792268830146205083e+00
-4.793418940312403009e+00
-4.794556778748514603e+00
-4.795682261251561052e+00
-4.796795355532012195e+00
-4.797896076177414315e+00
-4.798984479593657149e+00
-4.800060659008798858e+00
-4.801124739613118031e+00
-4.802176873896273790e+00
-4.803217237230709813e+00
-4.804246023738425464e+00
-4.805263442467768265e+00
-4.806269713896457851e+00
-4.807265066768891870e+00
-4.808249735267771108e+00
-4.809223956514071752e+00
-4.810187968384211032e+00
-4.811142007629204187e+00
-4.812086308277805813e+00
-4.813021100303433109e+00
-4.813946608533539617e+00
-4.814863051779515679e+00
-4.815770642165132287e+00
-4.816669584632021994e+00
-4.817560076601444585e+00
-4.818442307772548006e+00
-4.819316460038783667e+00
-4.820182707505037634e+00
-4.821041216589858180e+00
-4.821892146198299756e+00
-4.822735647952332450e+00
-4.823571866467148972e+00
-4.824400939662988108e+00
-4.825222999103262467e+00
-4.826038170350840595e+00
-4.826846573335610735e+00
-4.827648322727043251e+00
-4.828443528306694432e+00
-4.829232295336067793e+00
-4.830014724916182445e+00
-4.830790914335674202e+00
-4.831560957404831491e+00
-4.832324944773512598e+00
-4.833082964231321554e+00
-4.833835100988635780e+00
-4.834581437937689685e+00
-4.835322055892953941e+00
-4.836057033810394756e+00
-4.836786448985519016e+00
-4.837510377230106684e+00
-4.838228893027773481e+00
-4.838942069668818569e+00
-4.839649979364624599e+00
-4.840352693342257595e+00
-4.841050281919815568e+00
-4.841742814563354536e+00
-4.842430359926058969e+00
-4.843112985870587472e+00
-4.843790759475472107e+00
-4.844463747026471978e+00
-4.845132013994008169e+00
-4.845795624997495388e+00
-4.846454643757813763e+00
-4.847109133038829398e+00
-4.847759154579184937e+00
-4.848404769015356663e+00
-4.849046035797121235e+00
-4.849683013096536932e+00
-4.850315757711546993e+00
-4.850944324965232646e+00
-4.851568768601925541e+00
-4.852189140681101520e+00
-4.852805491470205013e+00
-4.853417869337363300e+00
-4.854026320645009385e+00
-4.854630889645331848e+00
-4.855231618378518910e+00
-4.855828546574662674e+00
-4.856421711560091836e+00
-4.857011148169016579e+00
-4.857596888661184664e+00
-4.858178962646165111e+00
-4.858757397015019741e+00
-4.859332215879828887e+00
-4.859903440521626372e+00
-4.860471089347219831e+00
-4.861035177855188572e+00
-4.861595718611590122e+00
-4.862152721235409203e+00
-4.862706192394157689e+00
-4.863256135809584713e+00
-4.863802552273821078e+00
-4.864345439675719085e+00
-4.864884793037521860e+00
-4.865420604561760065e+00
