2.246704304493966631e-01
2.889252226347192476e+00
-2.913639166244005096e+00
-8.941166044178039396e-02
-1.219502211196152208e+00
2.080060147665443004e+00
-3.664765725049461409e+00
-4.935661750089220590e+00
-3.841993624006884378e+00
1.026276297385369553e-02
3.299256496750294865e+00
-3.755038650477937612e+00
3.949980601190471674e+00
-5.357178128994997124e+00
-4.552534602406051789e+00
9.835904481521935416e-01
-4.118608968007856502e-02
3.100677030823131286e+00
-4.113583691370825690e-03
-9.354406197391664790e+00
5.427818829385323340e+00
4.634561581984029566e+00
-4.396131199674338852e+00
-2.316610036828309127e+00
-3.792123053352003947e-01
-1.742566490035406535e+00
1.380299540311763273e+00
2.559764100637188733e+00
6.584453499758317063e-01
-4.725943158979106329e+00
3.978533404280264030e+00
-2.168971068027055082e+00
1.629592586512284891e+00
-1.335131626008289718e+00
-6.264240829102545760e+00
3.047996526062572015e-02
-2.039081626876983536e-02
1.360783882654655663e+00
-4.495968037704267117e-01
7.348229939060523311e-03
