-8.230579157476716201e-01
1.099124569114699190e-01
1.022721436176802445e+00
6.525355113768934734e-01
5.341136572438383467e+00
5.076301112657956027e-01
9.289406774693278468e-01
-6.196138755747351290e+00
-1.253817519775976885e+00
-1.082805477756806134e+00
-9.403004251682668624e+00
-2.250527142175007711e+00
4.125703983310690326e+00
-2.151407613363647719e+00
-4.329332454354910986e+00
6.098071132554513246e-02
-1.992546929770035780e+00
-1.803679482123811129e-01
5.801250412207572538e+00
-7.735897487620216673e+00
8.067034491734421664e-01
9.684173643820102040e-01
-2.838382025551538845e+00
-6.824626736384441505e-01
-1.630155925899037683e+00
2.497223196223804509e-01
2.299495519789524156e+00
3.011047409880334702e-01
-1.798921494001896493e+00
-4.901140553699182334e+00
1.908730563869266650e+00
7.772941353635653527e+00
2.966785753744101584e+00
3.064250664597637730e+00
-1.214428229765159628e+00
2.588392952736503716e+00
-1.231343072660975313e+00
-3.818875835979631095e+00
5.439639613189863887e+00
-6.545076813320694908e-01
