4.293261365692122578e-01
6.651099618909733779e-02
-2.377044817395566056e-01
-5.141818659535730696e-01
-7.850761945455437818e-01
-1.056619920198761831e+00
-1.324855654585664011e+00
-1.580361347762611723e+00
-1.814469569398836635e+00
-2.022714154461794145e+00
-2.206012016544156573e+00
-2.369729292427123379e+00
-2.521022581405034657e+00
-2.666459714023472038e+00
-2.810541628197650965e+00
-2.955007150396764093e+00
-3.099049499967784449e+00
-3.240222879152651281e+00
-3.375662284821866255e+00
-3.503035032648520897e+00
-3.620908810945679956e+00
-3.728677796117608967e+00
-3.826318995394601519e+00
-3.914161085363878634e+00
-3.992723933464395802e+00
-4.062624561076616736e+00
-4.124529415343522132e+00
-4.179130525753866898e+00
-4.227131679825111732e+00
-4.269237763405428154e+00
-4.306142678474373930e+00
-4.338513499950301444e+00
-4.366974358265018452e+00
-4.392094188661814336e+00
-4.414378462193159436e+00
-4.434265736332611674e+00
-4.452129167867144410e+00
-4.468281576088604545e+00
-4.482982449104659928e+00
-4.496445677532427077e+00
-4.508847197062106460e+00
-4.520332015662313019e+00
-4.531020328531245589e+00
-4.541012607458706718e+00
-4.550393689178305223e+00
-4.559235971740248416e+00
-4.567601816178213703e+00
-4.575545144722333646e+00
-4.583112517393400864e+00
-4.590342899264198806e+00
-4.597268921370266881e+00
-4.603918979327833227e+00
-4.610318376078677893e+00
-4.616489809507307918e+00
-4.622453625425161583e+00
-4.628227986319243037e+00
-4.633828997760579327e+00
-4.639270808189113637e+00
-4.644565698426871947e+00
-4.649724183226075169e+00
-4.654755146747864281e+00
-4.659666020431084021e+00
-4.664462991346754350e+00
-4.669151216817614802e+00
-4.673735020761935033e+00
-4.678218050259152605e+00
-4.682603374932361007e+00
-4.686893522096749365e+00
-4.691090456217758664e+00
-4.695195524249419883e+00
-4.699209393583964278e+00
-4.703132007067098996e+00
-4.706962572692785507e+00
-4.710699596619032370e+00
-4.714340958897494716e+00
-4.717884023810971605e+00
-4.721325772891498573e+00
-4.724662949179351479e+00
-4.727892204810383525e+00
-4.731010248219218006e+00
-4.734013990081345824e+00
-4.736900687727214176e+00
-4.739668086425139926e+00
-4.742314553545099010e+00
-4.744839199195642010e+00
-4.747241975305562356e+00
-4.749523744841595452e+00
-4.751686314128417798e+00
-4.753732423945811192e+00
-4.755665698780600081e+00
-4.757490557638460515e+00
-4.759212093424547874e+00
-4.760835930451202458e+00
-4.762368070763535854e+00
-4.763814739662010744e+00
-4.765182239301067213e+00
-4.766476816970472541e+00
-4.767704552059160328e+00
-4.768871263108607650e+00
-4.769982433992318249e+00
-4.771043156149557873e+00
-4.772058081833802312e+00
-4.773031381236794601e+00
-4.773966693769700953e+00
-4.774867060655862971e+00
-4.775734823917631822e+00
-4.776571483520861250e+00
-4.777377542856124037e+00
-4.778152477543700094e+00
-4.778895082446465992e+00
-4.779604296200712810e+00
-4.780280079422780659e+00
-4.780923769146157021e+00
-4.781537849753837222e+00
-4.782125478253875350e+00
-4.782690050420283612e+00
-4.783234908061128721e+00
-4.783763176597060074e+00
-4.784277690866781896e+00
-4.784780971592957677e+00
-4.785275227657703745e+00
-4.785762370183076264e+00
-4.786244031483621875e+00
-4.786721585913604748e+00
-4.787196171534443323e+00
-4.787668712246427205e+00
-4.788139940159110708e+00
-4.788610417885472259e+00
-4.789080560338601522e+00
-4.789550655570232962e+00
-4.790020884232728093e+00
-4.790491337347161149e+00
-4.790962032187346509e+00
-4.791432926215247967e+00
-4.791903929107919957e+00
-4.792374912993262903e+00
-4.792845721059579844e+00
-4.793316174727530132e+00
-4.793786079577661674e+00
-4.794255230218338326e+00
-4.794723414263224015e+00
-4.795190415567625486e+00
-4.795656016852348991e+00
-4.796120001823948265e+00
-4.796582156881874504e+00
-4.797042272487180625e+00
-4.797500144253884713e+00
-4.797955573812460628e+00
-4.798408369485846592e+00
-4.798858346810420450e+00
-4.799305328928427095e+00
-4.799749146873334205e+00
-4.800189639765573446e+00
-4.800626654933167536e+00
-4.801060047969011535e+00
-4.801489682734779052e+00
-4.801915431319764060e+00
-4.802337173961514161e+00
-4.802754798934532054e+00
-4.803168202411851162e+00
-4.803577288304111015e+00
-4.803981968079968468e+00
-4.804382160571131877e+00
-4.804777791765085126e+00
-4.805168794587895142e+00
-4.805555108679674170e+00
-4.805936680164438535e+00
-4.806313461416292121e+00
-4.806685410823443583e+00
-4.807052492551453504e+00
-4.807414676306868806e+00
-4.807771937102360837e+00
-4.808124255024177174e+00
-4.808471615002828159e+00
-4.808814006587533996e+00
-4.809151423725133156e+00
-4.809483864543834919e+00
-4.809811331142274327e+00
-4.810133829384193760e+00
-4.810451368698948293e+00
-4.810763961888107509e+00
-4.811071624938278113e+00
-4.811374376840203304e+00
-4.811672239414248153e+00
-4.811965237142318941e+00
-4.812253397006045041e+00
-4.812536748331437408e+00
-4.812815322639680815e+00
-4.813089153504236606e+00
-4.813358276413884695e+00
-4.813622728641830051e+00
-4.813882549120527266e+00
-4.814137778322264083e+00
-4.814388458145148597e+00
-4.814634631804533882e+00
-4.814876343729514119e+00
-4.815113639464498441e+00
-4.815346565575542748e+00
-4.815575169561345348e+00
-4.815799499768665726e+00
-4.816019605312076735e+00
-4.816235535997738459e+00
-4.816447342251156449e+00
-4.816655075048670298e+00
-4.816858785852543789e+00
-4.817058526549445219e+00
-4.817254349392257495e+00
-4.817446306944967560e+00
-4.817634452030502779e+00
-4.817818837681469013e+00
-4.817999517093545236e+00
-4.818176543581428106e+00
-4.818349970537261662e+00
-4.818519851391335429e+00
-4.818686239575050045e+00
-4.818849188485945234e+00
-4.819008751454675554e+00
-4.819164981713972118e+00
-4.819317932369275859e+00
-4.819467656371156927e+00
-4.819614206489264419e+00
-4.819757635287800213e+00
-4.819897995102444987e+00
-4.820035338018605842e+00
-4.820169715850870062e+00
-4.820301180123741425e+00
-4.820429782053423651e+00
-4.820555572530623500e+00
-4.820678602104382371e+00
-4.820798920966789858e+00
-4.820916578938511776e+00
-4.821031625455156622e+00
-4.821144109554362345e+00
-4.821254079863540376e+00
-4.821361584588271576e+00
-4.821466671501312362e+00
-4.821569387932116868e+00
-4.821669780756885793e+00
-4.821767896389100194e+00
-4.821863780770486052e+00
-4.821957479362416699e+00
-4.822049037137674077e+00
-4.822138498572621224e+00
-4.822225907639726472e+00
-4.822311307800380753e+00
-4.822394741998086154e+00
-4.822476252651945572e+00
-4.822555881650433030e+00
-4.822633670345522816e+00
-4.822709659547068206e+00
-4.822783889517451961e+00
-4.822856399966637397e+00
-4.822927230047397984e+00
-4.822996418350910197e+00
-4.823064002902667013e+00
-4.823130021158632985e+00
-4.823194510001801660e+00
-4.823257505739018569e+00
-4.823319044098131059e+00
-4.823379160225514717e+00
-4.823437888683929309e+00
-4.823495263450698012e+00
-4.823551317916272119e+00
-4.823606084883169665e+00
-4.823659596565238239e+00
-4.823711884587346788e+00
-4.823762979985416699e+00
-4.823812913206834807e+00
-4.823861714111282950e+00
-4.823909411971909478e+00
-4.823956035476918203e+00
-4.824001612731506405e+00
-4.824046171260215843e+00
-4.824089738009655015e+00
-4.824132339351552723e+00
-4.824174001086237951e+00
-4.824214748446426171e+00
-4.824254606101393783e+00
-4.824293598161477625e+00
-4.824331748182894231e+00
-4.824369079172903696e+00
-4.824405613595279085e+00
-4.824441373376027187e+00
-4.824476379909473422e+00
-4.824510654064550152e+00
-4.824544216191332779e+00
-4.824577086127916026e+00
-4.824609283207361266e+00
-4.824640826264972482e+00
-4.824671733645746308e+00
-4.824702023211924207e+00
-4.824731712350826207e+00
-4.824760817982723715e+00
-4.824789356568910392e+00
-4.824817344119853857e+00
-4.824844796203475283e+00
-4.824871727953463640e+00
-4.824898154077741808e+00
-4.824924088866898941e+00
-4.824949546202730311e+00
-4.824974539566766474e+00
-4.824999082048860188e+00
-4.825023186355704929e+00
-4.825046864819434234e+00
-4.825070129406118902e+00
-4.825092991724303282e+00
-4.825115463033422536e+00
-4.825137554252253658e+00
-4.825159275967226158e+00
-4.825180638440715875e+00
-4.825201651619253518e+00
-4.825222325141618640e+00
-4.825242668346877650e+00
-4.825262690282291267e+00
-4.825282399711147363e+00
-4.825301805120460585e+00
-4.825320914728574273e+00
-4.825339736492630038e+00
-4.825358278115921884e+00
-4.825376547055100218e+00
-4.825394550527324355e+00
-4.825412295517150341e+00
-4.825429788783419660e+00
-4.825447036865923245e+00
-4.825464046091966885e+00
-4.825480822582773222e+00
-4.825497372259795803e+00
-4.825513700850803112e+00
-4.825529813895916398e+00
-4.825545716753454784e+00
-4.825561414605643584e+00
-4.825576912464209833e+00
-4.825592215175798394e+00
-4.825607327427299253e+00
-4.825622253750988300e+00
-4.825636998529572175e+00
-4.825651566001088355e+00
-4.825665960263662235e+00
-4.825680185280122103e+00
-4.825694244882547501e+00
-4.825708142776617748e+00
-4.825721882545861874e+00
-4.825735467655820621e+00
-4.825748901458028151e+00
-4.825762187193899599e+00
-4.825775327998558240e+00
-4.825788326904439707e+00
-4.825801186844887347e+00
-4.825813910657556605e+00
-4.825826501087802534e+00
-4.825838960791855037e+00
-4.825851292340004761e+00
-4.825863498219602477e+00
-4.825875580838006051e+00
-4.825887542525401308e+00
-4.825899385537592678e+00
-4.825911112058608232e+00
-4.825922724203329572e+00
-4.825934224019928109e+00
-4.825945613492295116e+00
-4.825956894542350106e+00
-4.825968069032314567e+00
-4.825979138766836485e+00
-4.825990105495133520e+00
-4.826000970912950550e+00
-4.826011736664597152e+00
-4.826022404344774586e+00
-4.826032975500395672e+00
-4.826043451632377135e+00
-4.826053834197296943e+00
-4.826064124609043660e+00
-4.826074324240409830e+00
-4.826084434424580571e+00
-4.826094456456621273e+00
-4.826104391594884468e+00
-4.826114241062373189e+00
-4.826124006048047477e+00
-4.826133687708090925e+00
-4.826143287167156792e+00
-4.826152805519482669e+00
-4.826162243830092180e+00
-4.826171603135822608e+00
-4.826180884446411135e+00
-4.826190088745494933e+00
-4.826199216991569507e+00
-4.826208270118942600e+00
-4.826217249038636581e+00
-4.826226154639237542e+00
-4.826234987787728414e+00
-4.826243749330301647e+00
-4.826252440093137253e+00
-4.826261060883124898e+00
-4.826269612488590433e+00
-4.826278095679973568e+00
-4.826286511210500230e+00
-4.826294859816794514e+00
-4.826303142219507514e+00
-4.826311359123890199e+00
-4.826319511220372505e+00
-4.826327599185069595e+00
-4.826335623680347631e+00
-4.826343585355279409e+00
-4.826351484846149731e+00
-4.826359322776895944e+00
-4.826367099759576007e+00
-4.826374816394762846e+00
-4.826382473271980444e+00
-4.826390070970046686e+00
-4.826397610057520104e+00
-4.826405091092992095e+00
-4.826412514625460837e+00
-4.826419881194673245e+00
-4.826427191331418953e+00
-4.826434445557850061e+00
-4.826441644387765351e+00
-4.826448788326899830e+00
-4.826455877873179645e+00
-4.826462913516989417e+00
-4.826469895741417382e+00
-4.826476825022492534e+00
-4.826483701829412887e+00
-4.826490526624753308e+00
-4.826497299864682233e+00
-4.826504021999155292e+00
-4.826510693472123137e+00
-4.826517314721691321e+00
-4.826523886180306810e+00
-4.826530408274920525e+00
-4.826536881427169412e+00
-4.826543306053492799e+00
-4.826549682565311805e+00
-4.826556011369158128e+00
-4.826562292866813486e+00
-4.826568527455426860e+00
-4.826574715527642390e+00
-4.826580857471753916e+00
-4.826586953671747615e+00
-4.826593004507472529e+00
-4.826599010354708064e+00
-4.826604971585301662e+00
-4.826610888567205215e+00
-4.826616761664626054e+00
-4.826622591238075799e+00
-4.826628377644473389e+00
-4.826634121237208142e+00
-4.826639822366228572e+00
-4.826645481378112557e+00
-4.826651098616141944e+00
-4.826656674420345183e+00
-4.826662209127605685e+00
-4.826667703071670701e+00
-4.826673156583257907e+00
-4.826678569990070500e+00
-4.826683943616886907e+00
-4.826689277785582988e+00
-4.826694572815206641e+00
-4.826699829021982247e+00
-4.826705046719420800e+00
-4.826710226218307476e+00
-4.826715367826758474e+00
-4.826720471850278749e+00
-4.826725538591781550e+00
-4.826730568351625728e+00
-4.826735561427653920e+00
-4.826740518115228085e+00
-4.826745438707258806e+00
-4.826750323494239936e+00
-4.826755172764282342e+00
-4.826759986803114799e+00
-4.826764765894151488e+00
-4.826769510318490219e+00
-4.826774220354955069e+00
-4.826778896280109699e+00
-4.826783538368268900e+00
-4.826788146891566100e+00
-4.826792722119908952e+00
-4.826797264321075254e+00
-4.826801773760657888e+00
-4.826806250702151857e+00
-4.826810695406921425e+00
-4.826815108134252519e+00
-4.826819489141362496e+00
-4.826823838683394818e+00
-4.826828157013467901e+00
-4.826832444382678666e+00
-4.826836701040113198e+00
-4.826840927232870726e+00
-4.826845123206077837e+00
-4.826849289202876037e+00
-4.826853425464496361e+00
-4.826857532230209635e+00
-4.826861609737383318e+00
-4.826865658221471733e+00
-4.826869677916039159e+00
-4.826873669052759830e+00
-4.826877631861465900e+00
-4.826881566570106585e+00
-4.826885473404812110e+00
-4.826889352589856408e+00
-4.826893204347724620e+00
