1.363221906474976652e+00
5.464899105504128496e-01
1.677459814842230390e-02
-3.266278651489850637e-01
-5.542865741045079897e-01
-7.248758884766477451e-01
-8.648234767606856055e-01
-9.829103924386477509e-01
-1.081854032106496222e+00
-1.165054468621832040e+00
-1.236295941856829561e+00
-1.299067911186496005e+00
-1.355852496169361210e+00
-1.408132259332081748e+00
-1.456436518874998809e+00
-1.500192445620198933e+00
-1.541448100040072378e+00
-1.580000063027866108e+00
-1.615683452293199540e+00
-1.648637509377515409e+00
-1.679129057739623399e+00
-1.707198376630876036e+00
-1.732915889247180097e+00
-1.756835334772916202e+00
-1.778785772565646850e+00
-1.798644708383557500e+00
-1.816589317875417109e+00
-1.832433570045798543e+00
-1.845360543394918951e+00
-1.856936524651813469e+00
-1.867478184393006391e+00
-1.877360603518596127e+00
-1.886407109890103406e+00
-1.894643447473139508e+00
-1.902158517890645495e+00
-1.909025139856716624e+00
-1.915313921408035469e+00
-1.921086982640953122e+00
-1.926403145790139604e+00
-1.931318239354565591e+00
-1.935884086145320593e+00
-1.940143125099056842e+00
-1.944125685385241775e+00
-1.947854266772697462e+00
-1.951348621747516665e+00
-1.954627780913769319e+00
-1.957710066549097405e+00
-1.960612728868515120e+00
-1.963351720516145260e+00
-1.965941615662701647e+00
-1.968395626506491691e+00
-1.970725671717800109e+00
-1.972942470841889007e+00
-1.975055647922822732e+00
-1.977073835045834338e+00
-1.979004770612606601e+00
-1.980855389934819577e+00
-1.982631907295525187e+00
-1.984339889522594103e+00
-1.985984321553700083e+00
-1.987569664648550782e+00
-1.989099907931233924e+00
-1.990578613896796467e+00
-1.992008958433494348e+00
-1.993393765816543928e+00
-1.994735539031203597e+00
-1.996036485684665962e+00
-1.997298539663407313e+00
-1.998523378578591858e+00
-1.999712436903103407e+00
-2.000866914519201956e+00
-2.001987780133207107e+00
-2.003075768618864494e+00
-2.004131370734406836e+00
-2.005154812668290099e+00
-2.006146021248019995e+00
-2.007104567963372777e+00
-2.008029580515302115e+00
-2.008919603402856247e+00
-2.009772378135385562e+00
-2.010584500096286309e+00
-2.011350904066285139e+00
-2.012064180618839959e+00
-2.012713968008046361e+00
-2.013287320219953269e+00
-2.013771732555511562e+00
-2.014161180882420688e+00
-2.014460603493633428e+00
-2.014683480089512368e+00
-2.014845327792399665e+00
-2.014959314474210395e+00
-2.015035263688915723e+00
-2.015080267475890530e+00
-2.015099552202640698e+00
-2.015097147699738578e+00
-2.015076320188272430e+00
-2.015039831505393231e+00
-2.014990088291820580e+00
-2.014929226316746647e+00
-2.014859158491699720e+00
-2.014781603600447113e+00
-2.014698105440479114e+00
-2.014610047606267162e+00
-2.014518666523732904e+00
-2.014425063874979216e+00
-2.014330218779191384e+00
-2.014234999729458409e+00
-2.014140176144734173e+00
-2.014046429371080915e+00
-2.013954362993914948e+00
-2.013864512366935422e+00
-2.013777353307923512e+00
-2.013693309947822918e+00
-2.013612761746081503e+00
-2.013536049702383313e+00
-2.013463481804077304e+00
-2.013395337752375003e+00
-2.013331873009945205e+00
-2.013273322210276550e+00
-2.013219901966589287e+00
-2.013171813116114706e+00
-2.013129242436174859e+00
-2.013092363871465729e+00
-2.013061339318726883e+00
-2.013036319024057441e+00
-2.013017441660319928e+00
-2.013004834163818924e+00
-2.012998611420747874e+00
-2.012998875900966933e+00
-2.013005717337778222e+00
-2.013019212546587333e+00
-2.013039425460942944e+00
-2.013066407443311334e+00
-2.013100197901451782e+00
-2.013140825212206497e+00
-2.013188307926982112e+00
-2.013242656209368597e+00
-2.013303873438344826e+00
-2.013371957901293641e+00
-2.013446904499780921e+00
-2.013528706396653600e+00
-2.013617356544032955e+00
-2.013712849045926401e+00
-2.013815180324588283e+00
-2.013924350074798308e+00
-2.014040362003817197e+00
-2.014163224365687732e+00
-2.014292950307843721e+00
-2.014429558054367408e+00
-2.014573070956040990e+00
-2.014723517441871614e+00
-2.014880930912837265e+00
-2.015045349626611415e+00
-2.015216816635228003e+00
-2.015395379858945901e+00
-2.015581092414446385e+00
-2.015774013371989692e+00
-2.015974209207737733e+00
-2.016181756365415634e+00
-2.016396745581083838e+00
-2.016619289012093752e+00
-2.016849531834080445e+00
-2.017087670951823064e+00
-2.017333984953308956e+00
-2.017588881454618566e+00
-2.017852970023605863e+00
-2.018127168650618142e+00
-2.018412842745309632e+00
-2.018711945694734222e+00
-2.019027073940995898e+00
-2.019361314711089150e+00
-2.019717857140372441e+00
-2.020099507541189165e+00
-2.020508238451010463e+00
-2.020944833257298789e+00
-2.021408779138456069e+00
-2.021898485800566192e+00
-2.022411696634853762e+00
-2.022945910324469576e+00
-2.023498705042062085e+00
-2.024067935128382789e+00
-2.024651815940728738e+00
-2.025248930914521406e+00
-2.025858195325859867e+00
-2.026478802798757695e+00
-2.027110170357553365e+00
-2.027751889625427850e+00
-2.028403686599600242e+00
-2.029065389776518735e+00
-2.029736905349517784e+00
-2.030418198000318419e+00
-2.031109275968709049e+00
-2.031810179353545909e+00
-2.032520970857413012e+00
-2.033241728397079839e+00
-2.033972539159073278e+00
-2.034713494791525079e+00
-2.035464687502940073e+00
-2.036226206893222201e+00
-2.036998137382103558e+00
-2.037780556128197862e+00
-2.038573531353216062e+00
-2.039377121001919591e+00
-2.040191371681081112e+00
-2.041016317830766535e+00
-2.041851981089636947e+00
-2.042698369822491866e+00
-2.043555478784357060e+00
-2.044423288899697599e+00
-2.045301767139781290e+00
-2.046190866484343118e+00
-2.047090525956733131e+00
-2.048000670724208661e+00
-2.048921212257277524e+00
-2.049852048543676197e+00
-2.050793064354621276e+00
-2.051744131562105000e+00
-2.052705109507567016e+00
-2.053675845423511781e+00
-2.054656174910483468e+00
-2.055645922473016807e+00
-2.056644902118385687e+00
-2.057652918022554456e+00
-2.058669765266879281e+00
-2.059695230648234787e+00
-2.060729093561986858e+00
-2.061771126953141131e+00
-2.062821098323600832e+00
-2.063878770773594162e+00
-2.064943904041993239e+00
-2.066016255494623977e+00
-2.067095580994354975e+00
-2.068181635577862387e+00
-2.069274173874375844e+00
-2.070372950251651023e+00
-2.071477718797320566e+00
-2.072588233483829701e+00
-2.073704249276174583e+00
-2.074825525574659046e+00
-2.075951834274326391e+00
-2.077082975874043225e+00
-2.078218808470976064e+00
-2.079359296170349314e+00
-2.080504585609673551e+00
-2.081655122295815730e+00
-2.082811822277682356e+00
-2.083976316473703516e+00
-2.085151270079301788e+00
-2.086340694234488424e+00
-2.087549859845190703e+00
-2.088783652628280585e+00
-2.090041440333142209e+00
-2.091309813691225372e+00
-2.092565885938841408e+00
-2.093794223682801103e+00
-2.094990139929087558e+00
-2.096155172113495446e+00
-2.097293762001542383e+00
-2.098410462855754055e+00
-2.099509203225517151e+00
-2.100592979231979296e+00
-2.101664027447176952e+00
-2.102723959629890338e+00
-2.103773940508285811e+00
-2.104814799890654786e+00
-2.105847130222977981e+00
-2.106871350170408164e+00
-2.107887756728862527e+00
-2.108896564470289281e+00
-2.109897942723770736e+00
-2.110892055462668893e+00
-2.111879115937128404e+00
-2.112859474216347788e+00
-2.113833774267450227e+00
-2.114803243740158489e+00
-2.115770138146871204e+00
-2.116737099278239498e+00
-2.117676246356934744e+00
-2.118470306302891792e+00
-2.119331466632894845e+00
-2.120181252376983849e+00
-2.121048060524967749e+00
-2.121904400034159810e+00
-2.122757755820659842e+00
-2.123599265480421217e+00
-2.124430272790022833e+00
-2.125247285468001124e+00
-2.126049795392115360e+00
-2.126835894358823253e+00
-2.127604574098152845e+00
-2.128354463803819652e+00
-2.129084522265923152e+00
-2.129793695256143593e+00
-2.130481143629971541e+00
-2.131146168859229917e+00
-2.131788299182467483e+00
-2.132407279338641271e+00
-2.133003095926641723e+00
-2.133575963345971438e+00
-2.134126309864993853e+00
-2.134654745091217887e+00
-2.135162024019138016e+00
-2.135649005969892489e+00
-2.136116615708064437e+00
-2.136565808047790505e+00
-2.136997538713591549e+00
-2.137412741643174297e+00
-2.137812312800698056e+00
-2.138197099603057705e+00
-2.138567895013954612e+00
-2.138925435196006308e+00
-2.139270399759602537e+00
-2.139603413766598017e+00
-2.139925050836614329e+00
-2.140235836856524188e+00
-2.140536253937983080e+00
-2.140826744377465563e+00
-2.141107714460436906e+00
-2.141379538013986839e+00
-2.141642559658072820e+00
-2.141897097736719324e+00
-2.142143446931837225e+00
-2.142381880576400555e+00
-2.142612652692466924e+00
-2.142835999785162482e+00
-2.143052142426898232e+00
-2.143261286667794252e+00
-2.143463625308960285e+00
-2.143659339075113746e+00
-2.143848597721900173e+00
-2.144031561111669149e+00
-2.144208380288235016e+00
-2.144379198577115897e+00
-2.144544152731793663e+00
-2.144703374139184771e+00
-2.144856990088110038e+00
-2.145005125093824017e+00
-2.145147902259874950e+00
-2.145285444646322315e+00
-2.145417876602277563e+00
-2.145545325011624982e+00
-2.145667920395702311e+00
-2.145785797816256224e+00
-2.145899097527514066e+00
-2.146007965337477064e+00
-2.146112552654728667e+00
-2.146213016216968583e+00
-2.146309517518134147e+00
-2.146402221970880042e+00
-2.146491297856938374e+00
-2.146576915128847851e+00
-2.146659244130926236e+00
-2.146738454306021282e+00
-2.146814712947770154e+00
-2.146888184047807790e+00
-2.146959027274650822e+00
-2.147027397108092206e+00
-2.147093442140533881e+00
-2.147157304546323253e+00
-2.147219119711512914e+00
-2.147279016010850583e+00
-2.147337114714640727e+00
-2.147393530006560525e+00
-2.147448369092892939e+00
-2.147501732384622386e+00
-2.147553713735170344e+00
-2.147604400718531537e+00
-2.147653874934761564e+00
-2.147702212331798588e+00
-2.147749483534659110e+00
-2.147795754174880667e+00
-2.147841085214736268e+00
-2.147885533262046565e+00
-2.147929150872643689e+00
-2.147971986838470126e+00
-2.148014086460002137e+00
-2.148055491802438155e+00
-2.148096241935311568e+00
-2.148136373155823620e+00
-2.148175919196222416e+00
-2.148214911415821771e+00
-2.148253378978427275e+00
-2.148291349015932550e+00
-2.148328846778893908e+00
-2.148365895775030232e+00
-2.148402517896356390e+00
-2.148438733535918743e+00
-2.148474561694845963e+00
-2.148510020080529159e+00
-2.148545125196574368e+00
-2.148579892425372506e+00
-2.148614336103728206e+00
-2.148648469592329580e+00
-2.148682305339480347e+00
-2.148715854939708514e+00
-2.148749129187683238e+00
-2.148782138127875996e+00
-2.148814891100442548e+00
-2.148847396783622798e+00
-2.148879663233015158e+00
-2.148911697918163721e+00
-2.148943507756529758e+00
-2.148975099145320922e+00
-2.149006477991282971e+00
-2.149037649738727129e+00
-2.149068619395981816e+00
-2.149099391560401973e+00
-2.149129970442123394e+00
-2.149160359886690852e+00
-2.149190563396642162e+00
-2.149220584152175206e+00
-2.149250425030934331e+00
-2.149280088627052887e+00
-2.149309577269411964e+00
-2.149338893039195231e+00
-2.149368037786795416e+00
-2.149397013147999580e+00
-2.149425820559578426e+00
-2.149454461274159289e+00
-2.149482936374464970e+00
-2.149511246786856677e+00
-2.149539393294219281e+00
-2.149567376548124464e+00
-2.149595197080295339e+00
-2.149622855313348513e+00
-2.149650351570836282e+00
-2.149677686086520101e+00
-2.149704859012983693e+00
-2.149731870429482328e+00
-2.149758720349118857e+00
-2.149785408725362057e+00
-2.149811935457858425e+00
-2.149838300397715951e+00
-2.149864503352106659e+00
-2.149890544088424171e+00
-2.149916422337868394e+00
-2.149942137798658504e+00
-2.149967690138788079e+00
-2.149993078998465368e+00
-2.150018303992276891e+00
-2.150043364711081040e+00
-2.150068260723687175e+00
-2.150092991578464119e+00
-2.150117556804763019e+00
-2.150141955914308678e+00
-2.150166188402566902e+00
-2.150190253750082992e+00
-2.150214151423870401e+00
-2.150237880878831387e+00
-2.150261441559242925e+00
-2.150284832900309251e+00
-2.150308054329811203e+00
-2.150331105269814636e+00
-2.150353985138480084e+00
-2.150376693351926161e+00
-2.150399229326210193e+00
-2.150421592479323518e+00
-2.150443782233248946e+00
-2.150465798016091945e+00
-2.150487639264173190e+00
-2.150509305424208151e+00
-2.150530795955396091e+00
-2.150552110331555244e+00
-2.150573248043229579e+00
-2.150594208599664103e+00
-2.150614991530828579e+00
-2.150635596389296911e+00
-2.150656022752051033e+00
-2.150676270222236841e+00
-2.150696338430747812e+00
-2.150716227037776651e+00
-2.150735935734159998e+00
-2.150755464242717352e+00
-2.150774812319363516e+00
-2.150793979754141105e+00
-2.150812966372139368e+00
-2.150831772034249578e+00
-2.150850396637832063e+00
-2.150868840117230008e+00
-2.150887102444165588e+00
-2.150905183628042838e+00
-2.150923083716089756e+00
-2.150940802793435580e+00
-2.150958340983060157e+00
-2.150975698445626527e+00
-2.150992875379243330e+00
-2.151009872019132185e+00
-2.151026688637190709e+00
-2.151043325541490692e+00
-2.151059783075708332e+00
-2.151076061618453661e+00
-2.151092161582590201e+00
-2.151108083414428496e+00
-2.151123827592942295e+00
-2.151139394628851953e+00
-2.151154785063751795e+00
-2.151169999469127792e+00
-2.151185038445383668e+00
-2.151199902620806625e+00
-2.151214592650563695e+00
-2.151229109215579971e+00
-2.151243453021485674e+00
-2.151257624797513479e+00
-2.151271625295373191e+00
-2.151285455288141968e+00
-2.151299115569099918e+00
-2.151312606950631867e+00
-2.151325930263046526e+00
-2.151339086353459606e+00
-2.151352076084622755e+00
-2.151364900333803565e+00
-2.151377559991616728e+00
-2.151390055960896053e+00
-2.151402389155548267e+00
-2.151414560499425033e+00
-2.151426570925176307e+00
-2.151438421373142340e+00
-2.151450112790203928e+00
-2.151461646128683292e+00
-2.151473022345210762e+00
-2.151484242399621660e+00
-2.151495307253821654e+00
-2.151506217870692517e+00
-2.151516975212984129e+00
-2.151527580242157622e+00
-2.151538033917332005e+00
-2.151548337194122418e+00
-2.151558491023521480e+00
-2.151568496350788173e+00
-2.151578354114283442e+00
-2.151588065244346648e+00
-2.151597630662125393e+00
-2.151607051278412008e+00
-2.151616327992455169e+00
-2.151625461690779062e+00
-2.151634453245926615e+00
-2.151643303515276440e+00
-2.151652013339741210e+00
-2.151660583542531313e+00
-2.151669014927818147e+00
-2.151677308279438261e+00
-2.151685464359526900e+00
-2.151693483907162641e+00
-2.151701367636943640e+00
-2.151709116237577213e+00
-2.151716730370424102e+00
-2.151724210668034765e+00
-2.151731557732631916e+00
-2.151738772134609512e+00
-2.151745854410993974e+00
-2.151752805063912977e+00
-2.151759624559032691e+00
-2.151766313324021684e+00
-2.151772871747007265e+00
-2.151779300175070908e+00
-2.151785598912761888e+00
-2.151791768220677525e+00
-2.151797808314093619e+00
-2.151803719361683243e+00
-2.151809501484380327e+00
-2.151815154754303627e+00
-2.151820679193974239e+00
-2.151826074775600617e+00
-2.151831341420715749e+00
-2.151836479000051039e+00
-2.151841487333746805e+00
-2.151846366192000648e+00
-2.151851115296118166e+00
-2.151855734320128555e+00
-2.151860222892955754e+00
-2.151864580601289045e+00
-2.151868806993177063e+00
-2.151872901582476239e+00
-2.151876863854198518e+00
-2.151880693270901368e+00
-2.151884389280147136e+00
-2.151887951323144144e+00
-2.151891378844695613e+00
-2.151894671304431572e+00
-2.151897828189468953e+00
-2.151900849028503426e+00
-2.151903733407362296e+00
-2.151906480986021997e+00
-2.151909091517020922e+00
-2.151911564865240933e+00
-2.151913901028906562e+00
-2.151916100161634926e+00
-2.151918162595342743e+00
-2.151920088863702230e+00
-2.151921879725830600e+00
-2.151923536189805919e+00
-2.151925059535597207e+00
-2.151926451336834134e+00
-2.151927713480930038e+00
-2.151928848186960952e+00
-2.151929858020649178e+00
-2.151930745905918929e+00
-2.151931515132393891e+00
-2.151932169358213187e+00
-2.151932712607802056e+00
-2.151933149264065648e+00
-2.151933484054736390e+00
-2.151933722032710161e+00
-2.151933868550302442e+00
-2.151933929227586084e+00
-2.151933909915063392e+00
-2.151933816651189435e+00
-2.151933655615341667e+00
-2.151933433077054758e+00
-2.151933155342491411e+00
-2.151932828699111067e+00
-2.151932459359782168e+00
-2.151932053407426437e+00
-2.151931616741482589e+00
-2.151931155027188236e+00
-2.151930673648957182e+00
-2.151930177668654132e+00
-2.151929671789610587e+00
-2.151929160327084922e+00
-2.151928647185501919e+00
-2.151928135842772427e+00
-2.151927629341672699e+00
-2.151927130288147527e+00
-2.151926640856097972e+00
-2.151926162798230457e+00
-2.151925697462221176e+00
-2.151925245811509235e+00
-2.151924808449928506e+00
-2.151924385649238047e+00
-2.151923977378849884e+00
-2.151923583336858403e+00
-2.151923202981688377e+00
-2.151922835563615077e+00
-2.151922480155679995e+00
-2.151922135683370652e+00
-2.151921800952820707e+00
-2.151921474677062740e+00
-2.151921155500263527e+00
-2.151920842019692248e+00
-2.151920532805450481e+00
-2.151920226417865845e+00
-2.151919921422694060e+00
-2.151919616404156077e+00
-2.151919309975949712e+00
-2.151919000790374348e+00
-2.151918687545770315e+00
-2.151918368992387975e+00
-2.151918043936879688e+00
-2.151917711245632692e+00
-2.151917369847083705e+00
-2.151917018733182196e+00
-2.151916656960206176e+00
-2.151916283649081052e+00
-2.151915897985401394e+00
-2.151915499219200001e+00
-2.151915086664787591e+00
-2.151914659700583154e+00
-2.151914217769141047e+00
-2.151913760377409002e+00
-2.151913287097038108e+00
-2.151912797564795810e+00
-2.151912291482674267e+00
-2.151911768617521759e+00
-2.151911228799786358e+00
-2.151910671921029472e+00
-2.151910097930057386e+00
-2.151909506827555774e+00
-2.151908898659417257e+00
-2.151908273509189673e+00
-2.151907631490039829e+00
-2.151906972736868706e+00
-2.151906297399048817e+00
-2.151905605634142127e+00
-2.151904897602825883e+00
-2.151904173465069903e+00
-2.151903433377478247e+00
-2.151902677491668303e+00
-2.151901905953450989e+00
-2.151901118902639798e+00
-2.151900316473288832e+00
-2.151899498794228816e+00
-2.151898665989692372e+00
-2.151897818180086297e+00
-2.151896955482701657e+00
-2.151896078012420777e+00
-2.151895185882322536e+00
-2.151894279204266791e+00
-2.151893358089371322e+00
-2.151892422648395531e+00
-2.151891472992106813e+00
-2.151890509231569215e+00
-2.151889531478321516e+00
-2.151888539844628578e+00
-2.151887534443565730e+00
-2.151886515389177301e+00
-2.151885482796527693e+00
-2.151884436781807963e+00
-2.151883377462366020e+00
-2.151882304956744374e+00
-2.151881219384733424e+00
-2.151880120867365243e+00
-2.151879009526973086e+00
-2.151877885487165187e+00
-2.151876748872876277e+00
-2.151875599810352480e+00
-2.151874438427186842e+00
-2.151873264852313561e+00
-2.151872079216033296e+00
-2.151870881650026934e+00
-2.151869672287351154e+00
-2.151868451262467286e+00
-2.151867218711248420e+00
-2.151865974770998502e+00
-2.151864719580434127e+00
-2.151863453279733829e+00
-2.151862176010509220e+00
-2.151860887915815201e+00
-2.151859589140157958e+00
-2.151858279829491849e+00
-2.151856960131194541e+00
-2.151855630194089208e+00
-2.151854290168381034e+00
-2.151852940205686959e+00
-2.151851580458984170e+00
-2.151850211082579012e+00
-2.151848832232099440e+00
-2.151847444064432402e+00
-2.151846046737694529e+00
-2.151844640411206822e+00
-2.151843225245416935e+00
-2.151841801401876086e+00
-2.151840369043174661e+00
-2.151838928332905798e+00
-2.151837479435583678e+00
-2.151836022516613323e+00
-2.151834557742228426e+00
-2.151833085279424740e+00
-2.151831605295920546e+00
-2.151830117960075839e+00
-2.151828623440860344e+00
-2.151827121907794460e+00
-2.151825613530871095e+00
-2.151824098480530800e+00
-2.151822576927610253e+00
-2.151821049043257439e+00
-2.151819514998934757e+00
-2.151817974966309777e+00
-2.151816429117287655e+00
-2.151814877623883682e+00
-2.151813320658257034e+00
-2.151811758392619289e+00
-2.151810190999219774e+00
-2.151808618650307814e+00
-2.151807041518096320e+00
-2.151805459774726259e+00
-2.151803873592251559e+00
-2.151802283142591588e+00
-2.151800688597510725e+00
-2.151799090128599268e+00
-2.151797487907242790e+00
-2.151795882104610147e+00
-2.151794272891614401e+00
-2.151792660438908378e+00
-2.151791044916862461e+00
-2.151789426495541946e+00
-2.151787805344706150e+00
-2.151786181633771555e+00
-2.151784555531814469e+00
-2.151782927207553708e+00
-2.151781296829334167e+00
-2.151779664565125927e+00
-2.151778030582494061e+00
-2.151776395048615509e+00
-2.151774758130252430e+00
-2.151773119993738437e+00
-2.151771480804988368e+00
-2.151769840729481853e+00
-2.151768199932259318e+00
-2.151766558577902444e+00
-2.151764916830559038e+00
-2.151763274853892405e+00
-2.151761632811135971e+00
-2.151759990865019567e+00
-2.151758349177828489e+00
-2.151756707911367084e+00
-2.151755067226957419e+00
-2.151753427285437503e+00
-2.151751788247169284e+00
-2.151750150272025319e+00
-2.151748513519390116e+00
-2.151746878148163677e+00
-2.151745244316749073e+00
-2.151743612183058207e+00
-2.151741981904519374e+00
-2.151740353638062597e+00
-2.151738727540115637e+00
-2.151737103766632853e+00
-2.151735482473057903e+00
-2.151733863814353498e+00
-2.151732247944992515e+00
-2.151730635018952675e+00
-2.151729025189716538e+00
-2.151727418610300813e+00
-2.151725815433219946e+00
-2.151724215810514540e+00
-2.151722619893735811e+00
-2.151721027833969568e+00
-2.151719439781818899e+00
-2.151717855887425035e+00
-2.151716276300447372e+00
-2.151714701170096777e+00
-2.151713130645110716e+00
-2.151711564873788340e+00
-2.151710004003958510e+00
-2.151708448183020650e+00
-2.151706897557923881e+00
-2.151705352275194105e+00
-2.151703812480914468e+00
-2.151702278320745343e+00
-2.151700749939948309e+00
-2.151699227483359511e+00
-2.151697711095410526e+00
-2.151696200920146129e+00
-2.151694697101218967e+00
-2.151693199781901988e+00
-2.151691709105103101e+00
-2.151690225213356289e+00
-2.151688748248844263e+00
-2.151687278353410893e+00
-2.151685815668562540e+00
-2.151684360335469837e+00
-2.151682912495007649e+00
-2.151681472287731101e+00
-2.151680039853904880e+00
-2.151678615333514344e+00
-2.151677198866274843e+00
-2.151675790591639714e+00
-2.151674390648820268e+00
-2.151672999176792889e+00
-2.151671616314314139e+00
-2.151670242199922978e+00
-2.151668876971989608e+00
-2.151667520768683506e+00
-2.151666173728020492e+00
-2.151664835987868951e+00
-2.151663507685956489e+00
-2.151662188959899691e+00
-2.151660879947211225e+00
-2.151659580785322490e+00
-2.151658291611584950e+00
-2.151657012563308768e+00
-2.151655743777773910e+00
-2.151654485392247906e+00
-2.151653237543989405e+00
-2.151652000370286810e+00
-2.151650774008474709e+00
-2.151649558595950307e+00
-2.151648354270188968e+00
-2.151647161168768196e+00
-2.151645979429388955e+00
-2.151644809189913854e+00
-2.151643650588348944e+00
-2.151642503762905001e+00
-2.151641368852012626e+00
-2.151640245994312028e+00
-2.151639135328737407e+00
-2.151638036994482306e+00
-2.151636951131061348e+00
-2.151635877878309788e+00
-2.151634817376434139e+00
-2.151633769766026383e+00
-2.151632735188072854e+00
-2.151631713784020850e+00
-2.151630705695753321e+00
-2.151629711065675910e+00
-2.151628730036690751e+00
-2.151627762752268858e+00
-2.151626809356431025e+00
-2.151625869993830875e+00
-2.151624944809738871e+00
-2.151624033950107151e+00
-2.151623137561575749e+00
-2.151622255791506344e+00
-2.151621388788025779e+00
-2.151620536700050046e+00
-2.151619699677320696e+00
-2.151618877870417723e+00
-2.151618071430836832e+00
-2.151617280510963237e+00
-2.151616505264149826e+00
-2.151615745844742911e+00
-2.151615002408094668e+00
-2.151614275110630192e+00
-2.151613564109843502e+00
-2.151612869564378361e+00
-2.151612191634019400e+00
-2.151611530479760503e+00
-2.151610886263823463e+00
-2.151610259149694393e+00
-2.151609649302169025e+00
-2.151609056887385130e+00
-2.151608482072846495e+00
-2.151607925027491319e+00
-2.151607385921688653e+00
-2.151606864927310792e+00
-2.151606362217743484e+00
-2.151605877967949443e+00
-2.151605412354464342e+00
-2.151604965555492299e+00
-2.151604537750889001e+00
-2.151604129122228759e+00
-2.151603739852829822e+00
-2.151603370127790793e+00
-2.151603020134039035e+00
-2.151602690060351541e+00
-2.151602380097391354e+00
-2.151602090437756409e+00
-2.151601821276003967e+00
-2.151601572808688356e+00
-2.151601345234382290e+00
-2.151601138753743925e+00
-2.151600953569500874e+00
-2.151600789886527920e+00
-2.151600647911837694e+00
-2.151600527854656164e+00
-2.151600429926407543e+00
-2.151600354340759136e+00
-2.151600301313655095e+00
-2.151600271063345726e+00
-2.151600263810387936e+00
-2.151600279777680313e+00
-2.151600319190493771e+00
-2.151600382276486645e+00
-2.151600469265704696e+00
-2.151600580390619299e+00
-2.151600715886120341e+00
-2.151600875989560624e+00
-2.151601060940714127e+00
-2.151601270981831959e+00
-2.151601506357606830e+00
-2.151601767315216129e+00
-2.151602054104267747e+00
-2.151602366976834269e+00
-2.151602706187429881e+00
-2.151603071993002381e+00
-2.151603464652911857e+00
-2.151603884428912483e+00
-2.151604331585128094e+00
-2.151604806388024205e+00
-2.151605309106380481e+00
-2.151605840011237447e+00
-2.151606399375877832e+00
-2.151606987475746191e+00
-2.151607604588414713e+00
-2.151608250993541471e+00
-2.151608926972752744e+00
-2.151609632809627914e+00
-2.151610368789571570e+00
-2.151611135199766878e+00
-2.151611932329052568e+00
-2.151612760467849661e+00
-2.151613619908022912e+00
-2.151614510942782665e+00
-2.151615433866552518e+00
-2.151616388974838756e+00
-2.151617376564086470e+00
-2.151618396931516131e+00
-2.151619450374977927e+00
-2.151620537192755922e+00
-2.151621657683409516e+00
-2.151622812145542518e+00
-2.151624000877639720e+00
-2.151625224177807993e+00
-2.151626482343564017e+00
-2.151627775671596687e+00
-2.151629104457494002e+00
-2.151630468995489931e+00
-2.151631869578156664e+00
-2.151633306496133713e+00
-2.151634780037801953e+00
-2.151636290488954995e+00
-2.151637838132459901e+00
-2.151639423247904137e+00
-2.151641046111204325e+00
-2.151642706994245202e+00
-2.151644406164443080e+00
-2.151646143884342610e+00
-2.151647920411177139e+00
-2.151649735996396196e+00
-2.151651590885197862e+00
-2.151653485316047387e+00
-2.151655419520149604e+00
-2.151657393720931122e+00
-2.151659408133498985e+00
-2.151661462964066018e+00
-2.151663558409362853e+00
-2.151665694656066385e+00
-2.151667871880139415e+00
-2.151670090246236011e+00
-2.151672349907012283e+00
