-4.590365579028844678e+00
-1.543372969949531820e-03
-2.410752825280472189e-01
-1.013924630106640551e-01
-5.967331733604598343e-01
-5.008175388246161930e+00
2.148047122978267165e+00
-7.622635927971312064e+00
3.604462973656564095e+00
2.290063083324650695e+00
1.744765656875247428e+00
4.288387180251388209e+00
2.280665951960390458e+00
-4.591443805526222555e+00
1.021208391731668774e+00
-3.041254281918179952e-02
-1.180157336949287261e+00
1.082192282705154440e+00
3.619616097257861931e+00
4.293446473200582147e+00
-4.532347563759886455e+00
6.704216518287281490e-01
-3.473608931687722556e+00
4.674297417525992149e-01
-2.480216319768695055e+00
-7.437211385964145327e-01
-4.895171571213564055e-01
2.016168602310005831e+00
-7.964747040083701712e-01
2.170434204237375653e+00
-6.284487582203301947e+00
3.428424299392949237e+00
5.743914411167048151e-01
7.307467637032867280e-01
-6.278906388837344643e+00
4.425926115829457608e+00
5.057972821010861431e+00
-1.270590330069161000e+00
3.170532155817445297e+00
-6.685771888353987391e-01
-8.504214052573605409e-01
-1.669865076137556859e+00
1.127621077417284345e+00
-2.752301418878507100e+00
2.259738654917222700e+00
2.876540164096953678e+00
2.149396913597256376e+00
-9.164701351013090358e-01
-1.635213004521098412e+00
2.284768150299855360e+00
-1.968836686871637154e+00
1.058670584102711754e+00
5.336786913749181904e-01
-4.121744129131291068e+00
-1.673364617948733368e+00
-7.476782993669768285e-01
