2.378808714844117045e+00
-8.416792012226373965e-01
1.846587349806528611e+00
-4.503635648217448662e+00
-4.845210088898230794e+00
7.700765100181492073e+00
-4.052426355234009847e+00
2.441592153523495234e+00
1.419009268308343147e-03
2.884020189863748751e+00
1.636354188267346688e+00
-1.243998024265975166e+00
-1.873716226316226141e+00
4.550968853911556700e+00
-3.666402654105008097e+00
1.056328729318350756e+00
3.942632967949637468e+00
3.373053020463498530e+00
-7.391287864298732302e+00
-5.219708985279213564e+00
5.445866118024629721e+00
1.342143652657568076e+00
-5.683247852730821670e+00
2.188001091898434058e+00
-1.229954531180659449e+00
-6.283398559976431486e+00
7.815954225172273562e-01
-4.341499028740555488e+00
-1.976777810325616835e+00
-5.785894870186238492e+00
4.547832046252252347e+00
8.654230381531387017e-01
2.393125520023350106e+00
6.017377993840952399e+00
-2.901485386082003348e+00
2.423915600173456752e+00
-3.790865805886171280e+00
-1.857771325009425878e+00
-4.252581545023809140e-01
6.030464113366961421e+00
