1.091468962120329955e-01
-1.159505426955035334e+00
-2.054903240929714325e+00
-2.535365280059140414e+00
-2.798345973955941979e+00
-2.977059809825177261e+00
-3.124381956835113439e+00
-3.259859445820921131e+00
-3.391395430546951140e+00
-3.522284850116377708e+00
-3.653467412359131750e+00
-3.784409404179815084e+00
-3.913620307526488151e+00
-4.039075546657093341e+00
-4.158598596080654630e+00
-4.270193556616391994e+00
-4.372303984219160000e+00
-4.463973707943441838e+00
-4.544895588839129807e+00
-4.615354003983981990e+00
-4.676089545532093439e+00
-4.728128733128905026e+00
-4.772620469812204114e+00
-4.810707165415951003e+00
-4.843440718192739247e+00
-4.871739726129955983e+00
-4.896377397863204806e+00
-4.917988556297167690e+00
-4.937086250531730336e+00
-4.954081550853382865e+00
-4.969302824037676203e+00
-4.983012731662427086e+00
-4.995422386052689845e+00
-5.006702730505367960e+00
-5.016993487492300119e+00
-5.026410097576699876e+00
-5.035049054434404425e+00
-5.042991985881323913e+00
-5.050308766906777436e+00
-5.057059891555171660e+00
-5.063298280562848142e+00
-5.069070661377144127e+00
-5.074418625425979101e+00
-5.079379442734737182e+00
-5.083986694764984549e+00
-5.088270771480255306e+00
-5.092259267180417659e+00
-5.095977300851936675e+00
-5.099447780078874892e+00
-5.102691622495078683e+00
-5.105727944967733301e+00
-5.108574227897748621e+00
-5.111246459969652101e+00
-5.113759267199165848e+00
-5.116126029065730663e+00
-5.118358983765915582e+00
-5.120469324098418262e+00
-5.122467285124977288e+00
-5.124362224498820950e+00
-5.126162696176407962e+00
-5.127876518106480042e+00
-5.129510834403701480e+00
-5.131072172451740521e+00
-5.132566495333953149e+00
-5.133999249953001609e+00
-5.135375411171344773e+00
-5.136699522279236874e+00
-5.137975732074705704e+00
-5.139207828819972512e+00
-5.140399271320708507e+00
-5.141553217357122563e+00
-5.142672549680164629e+00
-5.143759899770982358e+00
-5.144817669547615324e+00
-5.145848051189634731e+00
-5.146853045238664492e+00
-5.147834477121092434e+00
-5.148794012227948969e+00
-5.149733169676417255e+00
-5.150653334867807409e+00
-5.151555770947344293e+00
-5.152441629262733969e+00
-5.153311958910233415e+00
-5.154167715449743170e+00
-5.155009768863072495e+00
-5.155838910823610455e+00
-5.156655861339238811e+00
-5.157461274824994391e+00
-5.158255745657026381e+00
-5.159039813254499229e+00
-5.159813966732058610e+00
-5.160578649161442044e+00
-5.161334261477198204e+00
-5.162081166058380077e+00
-5.162819690014909035e+00
-5.163550128204890122e+00
-5.164272746006245640e+00
-5.164987781864357252e+00
-5.165695449634940317e+00
-5.166395940739878512e+00
-5.167089426151751042e+00
-5.167776058221697610e+00
-5.168455972363580564e+00
-5.169129288606343131e+00
-5.169796113025377338e+00
-5.170456539062655565e+00
-5.171110648744547511e+00
-5.171758513805398749e+00
-5.172400196724243671e+00
-5.173035751681425154e+00
-5.173665225441165028e+00
-5.174288658165756338e+00
-5.174906084166470244e+00
-5.175517532595882209e+00
-5.176123028085902078e+00
-5.176722591335472856e+00
-5.177316239651589491e+00
-5.177903987446860867e+00
-5.178485846696927908e+00
-5.179061827360288639e+00
-5.179631937763417682e+00
-5.180196184953414829e+00
-5.180754575020533714e+00
-5.181307113392676911e+00
-5.181853805103722621e+00
-5.182394655037569464e+00
-5.182929668149443003e+00
-5.183458849666215507e+00
-5.183982205266963739e+00
-5.184499741245293336e+00
-5.185011464654592395e+00
-5.185517383437364458e+00
-5.186017506539902122e+00
-5.186511844013081962e+00
-5.187000407100444299e+00
-5.187483208314332295e+00
-5.187960261500978554e+00
-5.188431581895266653e+00
-5.188897186166041564e+00
-5.189357092452402398e+00
-5.189811320391860328e+00
-5.190259891140842186e+00
-5.190702827388115281e+00
-5.191140153361656573e+00
-5.191571894829470679e+00
-5.191998079094845231e+00
-5.192418734986407713e+00
-5.192833892843445653e+00
-5.193243584496866738e+00
-5.193647843246107954e+00
-5.194046703832474243e+00
-5.194440202408975082e+00
-5.194828376507254930e+00
-5.195211265001620227e+00
-5.195588908070672751e+00
-5.195961347156632826e+00
-5.196328624922649020e+00
-5.196690785208334162e+00
-5.197047872983723060e+00
-5.197399934301866864e+00
-5.197747016250208851e+00
-5.198089166901006308e+00
-5.198426435260906864e+00
-5.198758871219854250e+00
-5.199086525499486910e+00
-5.199409449601191113e+00
-5.199727695753921353e+00
-5.200041316861914176e+00
-5.200350366452490825e+00
-5.200654898623948696e+00
-5.200954967993789424e+00
-5.201250629647251600e+00
-5.201541939086385291e+00
-5.201828952179621268e+00
-5.202111725112096963e+00
-5.202390314336601485e+00
-5.202664776525414148e+00
-5.202935168523050713e+00
-5.203201547299858731e+00
-5.203463969906747977e+00
-5.203722493430908536e+00
-5.203977174952690632e+00
-5.204228071503624875e+00
-5.204475240025689509e+00
-5.204718737331775813e+00
-5.204958620067470676e+00
-5.205194944674127910e+00
-5.205427767353256741e+00
-5.205657144032280748e+00
-5.205883130331645070e+00
-5.206105781533326038e+00
-5.206325152550636659e+00
-5.206541297899573983e+00
-5.206754271671388601e+00
-5.206964127506647166e+00
-5.207170918570626306e+00
-5.207374697530097407e+00
-5.207575516531457893e+00
-5.207773427180207193e+00
-5.207968480521798504e+00
-5.208160727023678049e+00
-5.208350216558781831e+00
-5.208536998390163042e+00
-5.208721121156905554e+00
-5.208902632861294180e+00
-5.209081580857094274e+00
-5.209258011839060565e+00
-5.209431971833545560e+00
-5.209603506190175537e+00
-5.209772659574653630e+00
-5.209939475962562128e+00
-5.210103998634121325e+00
-5.210266270170023972e+00
-5.210426332448059306e+00
-5.210584226640751382e+00
-5.210739993213787002e+00
-5.210893671925314941e+00
-5.211045301825954823e+00
-5.211194921259693302e+00
-5.211342567865353992e+00
-5.211488278578857880e+00
-5.211632089636096588e+00
-5.211774036576422020e+00
-5.211914154246705344e+00
-5.212052476806022128e+00
-5.212189037730734498e+00
-5.212323869820158606e+00
-5.212457005202678850e+00
-5.212588475342238681e+00
-5.212718311045293262e+00
-5.212846542468039246e+00
-5.212973199124138368e+00
-5.213098309892572502e+00
-5.213221903025941906e+00
-5.213344006158919797e+00
-5.213464646317024886e+00
-5.213583849925548463e+00
-5.213701642818703519e+00
-5.213818050248947067e+00
-5.213933096896434805e+00
-5.214046806878638307e+00
-5.214159203760014627e+00
-5.214270310561813560e+00
-5.214380149772001261e+00
-5.214488743355095046e+00
-5.214596112762212243e+00
-5.214702278941032887e+00
-5.214807262345812156e+00
-5.214911082947410570e+00
-5.215013760243237151e+00
-5.215115313267296493e+00
-5.215215760600028005e+00
-5.215315120378258840e+00
-5.215413410305005826e+00
-5.215510647659213461e+00
-5.215606849305451931e+00
-5.215702031703501440e+00
-5.215796210917861053e+00
-5.215889402627150062e+00
-5.215981622133404549e+00
-5.216072884371246055e+00
-5.216163203916980073e+00
-5.216252594997503600e+00
-5.216341071499167370e+00
-5.216428646976423167e+00
-5.216515334660400072e+00
-5.216601147467306632e+00
-5.216686098006720229e+00
-5.216770198589715690e+00
-5.216853461236842904e+00
-5.216935897685973877e+00
-5.217017519400005909e+00
-5.217098337574372025e+00
-5.217178363144475028e+00
-5.217257606792889746e+00
-5.217336078956494205e+00
-5.217413789833370785e+00
-5.217490749389601667e+00
-5.217566967365926622e+00
-5.217642453284195625e+00
-5.217717216453727325e+00
-5.217791265977498760e+00
-5.217864610758144117e+00
-5.217937259503899305e+00
-5.218009220734304066e+00
-5.218080502785827690e+00
-5.218151113817296682e+00
-5.218221061815255801e+00
-5.218290354599110614e+00
-5.218358999826159916e+00
-5.218427004996542884e+00
-5.218494377457938427e+00
-5.218561124410282304e+00
-5.218627252910216896e+00
-5.218692769875487691e+00
-5.218757682089191441e+00
-5.218821996203931057e+00
-5.218885718745799984e+00
-5.218948856118272417e+00
-5.219011414606014476e+00
-5.219073400378494654e+00
-5.219134819493554289e+00
-5.219195677900870578e+00
-5.219255981445251713e+00
-5.219315735869891171e+00
-5.219374946819478112e+00
-5.219433619843221628e+00
-5.219491760397806601e+00
-5.219549373850184359e+00
-5.219606465480339352e+00
-5.219663040483938587e+00
-5.219719103974895802e+00
-5.219774660987798853e+00
-5.219829716480385962e+00
-5.219884275335764379e+00
-5.219938342364701001e+00
-5.219991922307769094e+00
-5.220045019837388445e+00
-5.220097639559858393e+00
-5.220149786017284299e+00
-5.220201463689448040e+00
-5.220252676995574603e+00
-5.220303430296115543e+00
-5.220353727894369911e+00
-5.220403574038110506e+00
-5.220452972921139079e+00
-5.220501928684762483e+00
-5.220550445419230634e+00
-5.220598527165125624e+00
-5.220646177914685104e+00
-5.220693401613070606e+00
-5.220740202159634080e+00
-5.220786583409029014e+00
-5.220832549172422787e+00
-5.220878103218545618e+00
-5.220923249274751932e+00
-5.220967991028010680e+00
-5.221012332125914313e+00
-5.221056276177571398e+00
-5.221099826754517004e+00
-5.221142987391558243e+00
-5.221185761587610941e+00
-5.221228152806479450e+00
-5.221270164477631148e+00
-5.221311799996896319e+00
-5.221353062727184025e+00
-5.221393955999153569e+00
-5.221434483111852209e+00
-5.221474647333318231e+00
-5.221514451901202669e+00
-5.221553900023293338e+00
-5.221592994878101912e+00
-5.221631739615347101e+00
-5.221670137356467123e+00
-5.221708191195112647e+00
-5.221745904197591770e+00
-5.221783279403296341e+00
-5.221820319825154932e+00
-5.221857028450012095e+00
-5.221893408239024481e+00
-5.221929462128036548e+00
-5.221965193027919838e+00
-5.222000603824954013e+00
-5.222035697381102182e+00
-5.222070476534374173e+00
-5.222104944099100088e+00
-5.222139102866218963e+00
-5.222172955603594957e+00
-5.222206505056220749e+00
-5.222239753946552376e+00
-5.222272704974686874e+00
-5.222305360818637610e+00
-5.222337724134569648e+00
-5.222369797556993376e+00
-5.222401583698998984e+00
-5.222433085152447418e+00
-5.222464304488182663e+00
-5.222495244256203151e+00
-5.222525906985868716e+00
-5.222556295186066677e+00
-5.222586411345373492e+00
-5.222616257932235051e+00
-5.222645837395143431e+00
-5.222675152162751466e+00
-5.222704204644064596e+00
-5.222732997228569651e+00
-5.222761532286368080e+00
-5.222789812168358026e+00
-5.222817839206315149e+00
-5.222845615713054279e+00
-5.222873143982558197e+00
-5.222900426290111753e+00
-5.222927464892408445e+00
-5.222954262027657890e+00
-5.222980819915759021e+00
-5.223007140758347155e+00
-5.223033226738969859e+00
-5.223059080023150003e+00
-5.223084702758535869e+00
-5.223110097074968650e+00
-5.223135265084639656e+00
-5.223160208882130284e+00
-5.223184930544595872e+00
-5.223209432131799446e+00
-5.223233715686243173e+00
-5.223257783233282936e+00
-5.223281636781192283e+00
-5.223305278321291212e+00
-5.223328709828045646e+00
-5.223351933259135826e+00
-5.223374950555577989e+00
-5.223397763641818514e+00
-5.223420374425824519e+00
-5.223442784799184224e+00
-5.223464996637184221e+00
-5.223487011798944479e+00
-5.223508832127468970e+00
-5.223530459449754915e+00
-5.223551895576911797e+00
-5.223573142304219985e+00
-5.223594201411231985e+00
-5.223615074661895896e+00
-5.223635763804590049e+00
-5.223656270572295313e+00
-5.223676596682611972e+00
-5.223696743837904499e+00
-5.223716713725377936e+00
-5.223736508017157831e+00
-5.223756128370417251e+00
-5.223775576427430956e+00
-5.223794853815708628e+00
-5.223813962148042833e+00
-5.223832903022658236e+00
-5.223851678023260448e+00
-5.223870288719139054e+00
-5.223888736665283972e+00
-5.223907023402456495e+00
-5.223925150457283451e+00
-5.223943119342377983e+00
-5.223960931556394627e+00
-5.223978588584155425e+00
-5.223996091896733418e+00
-5.224013442951542352e+00
-5.224030643192437040e+00
-5.224047694049813728e+00
-5.224064596940691807e+00
-5.224081353268802630e+00
-5.224097964424729845e+00
-5.224114431785938706e+00
-5.224130756716919954e+00
-5.224146940569265318e+00
-5.224162984681758104e+00
-5.224178890380484219e+00
-5.224194658978919215e+00
-5.224210291778007331e+00
-5.224225790066286734e+00
-5.224241155119967672e+00
-5.224256388203008861e+00
-5.224271490567246268e+00
-5.224286463452473050e+00
-5.224301308086532813e+00
-5.224316025685396880e+00
-5.224330617453295744e+00
-5.224345084582787457e+00
-5.224359428254838456e+00
-5.224373649638965666e+00
-5.224387749893272925e+00
-5.224401730164582425e+00
-5.224415591588519980e+00
-5.224429335289588749e+00
-5.224442962381293576e+00
-5.224456473966207604e+00
-5.224469871136067312e+00
-5.224483154971883536e+00
-5.224496326544009861e+00
-5.224509386912251863e+00
-5.224522337125945270e+00
-5.224535178224041232e+00
-5.224547911235234210e+00
-5.224560537177989517e+00
-5.224573057060695191e+00
-5.224585471881724175e+00
-5.224597782629493814e+00
-5.224609990282623073e+00
-5.224622095809958289e+00
-5.224634100170682416e+00
-5.224646004314425163e+00
-5.224657809181316281e+00
-5.224669515702069056e+00
-5.224681124798122411e+00
-5.224692637381647131e+00
-5.224704054355705729e+00
-5.224715376614282647e+00
-5.224726605042384620e+00
-5.224737740516158802e+00
-5.224748783902914973e+00
-5.224759736061263204e+00
-5.224770597841152941e+00
-5.224781370084004450e+00
-5.224792053622740795e+00
