-1.463999999999998358e-01
-3.558000000000000052e-01
-5.701999999999999291e-01
-6.817999999999999616e-01
-8.608000000000000096e-01
-9.546000000000003372e-01
-9.939999999999998836e-01
-1.056200000000000028e+00
-1.145599999999999952e+00
-1.204199999999999715e+00
-1.248400000000000176e+00
-1.337000000000000188e+00
-1.412199999999999900e+00
-1.485799999999999788e+00
-1.544200000000000017e+00
-1.654999999999999805e+00
-1.720199999999999951e+00
-1.774999999999999911e+00
-1.845399999999999929e+00
-1.895999999999999908e+00
-1.941999999999999504e+00
-1.967200000000000060e+00
-2.035600000000000076e+00
-2.045800000000000285e+00
-2.036200000000000010e+00
-2.115600000000000147e+00
-2.114800000000000235e+00
-2.114799999999999791e+00
-2.138600000000000279e+00
-2.169000000000000039e+00
-2.159600000000000186e+00
-2.177799999999999958e+00
-2.190599999999999881e+00
-2.179400000000000226e+00
-2.185399999999999565e+00
-2.174199999999999910e+00
-2.175399999999999778e+00
-2.187199999999999811e+00
-2.203000000000000291e+00
-2.213199999999999612e+00
-2.220200000000000173e+00
-2.192400000000000126e+00
-2.192800000000000082e+00
-2.206599999999999895e+00
-2.232400000000000162e+00
-2.218600000000000350e+00
-2.209399999999999586e+00
-2.199200000000000266e+00
-2.238799999999999901e+00
-2.220599999999999685e+00
-2.229999999999999538e+00
-2.221799999999999997e+00
-2.227600000000000247e+00
-2.229600000000000026e+00
-2.213999999999999968e+00
-2.233200000000000074e+00
-2.222799999999999887e+00
-2.216000000000000192e+00
-2.233199999999999630e+00
-2.216800000000000104e+00
-2.228400000000000158e+00
-2.251400000000000290e+00
-2.227399999999999824e+00
-2.221799999999999997e+00
-2.232399999999999718e+00
-2.212200000000000166e+00
-2.233400000000000052e+00
-2.225200000000000067e+00
-2.245600000000000041e+00
-2.241200000000000081e+00
-2.218600000000000350e+00
-2.213799999999999546e+00
-2.231799999999999784e+00
-2.226199999999999957e+00
-2.214399999999999924e+00
-2.244799999999999685e+00
-2.237999999999999545e+00
-2.230199999999999960e+00
-2.248799999999999688e+00
-2.230999999999999872e+00
-2.248800000000000132e+00
-2.224999999999999645e+00
-2.231599999999999806e+00
-2.226399999999999935e+00
-2.236799999999999677e+00
-2.243800000000000239e+00
-2.230200000000000404e+00
-2.229999999999999982e+00
-2.248400000000000176e+00
-2.240800000000000125e+00
-2.241200000000000081e+00
-2.243600000000000705e+00
-2.227999999999999758e+00
-2.220799999999999663e+00
-2.229999999999999982e+00
-2.223199999999999843e+00
-2.215200000000000280e+00
-2.259000000000000341e+00
-2.254200000000000426e+00
-2.243600000000000261e+00
-2.228400000000000158e+00
-2.221400000000000041e+00
-2.226799999999999891e+00
-2.228800000000000114e+00
-2.228599999999999692e+00
-2.238400000000000389e+00
-2.233800000000000008e+00
-2.229999999999999538e+00
-2.225400000000000045e+00
-2.217200000000000060e+00
-2.232600000000000140e+00
-2.240199999999999747e+00
-2.238000000000000433e+00
-2.240000000000000213e+00
-2.213600000000000456e+00
-2.253400000000000070e+00
-2.242399999999999949e+00
-2.229200000000000070e+00
-2.243000000000000327e+00
-2.249599999999999600e+00
-2.240000000000000213e+00
-2.239200000000000301e+00
-2.236999999999999655e+00
-2.230799999999999894e+00
-2.222199999999999953e+00
-2.237400000000000055e+00
-2.226799999999999891e+00
-2.225999999999999979e+00
-2.228800000000000114e+00
-2.225600000000000467e+00
-2.243600000000000261e+00
-2.227599999999999802e+00
-2.268799999999999706e+00
-2.219199999999999839e+00
-2.232000000000000206e+00
-2.224400000000000155e+00
-2.205400000000000027e+00
-2.235599999999999810e+00
-2.222799999999999887e+00
-2.220199999999999729e+00
-2.232400000000000162e+00
-2.242199999999999971e+00
-2.241200000000000081e+00
-2.238199999999999967e+00
-2.233799999999999564e+00
-2.232599999999999696e+00
-2.243999999999999773e+00
-2.228200000000000180e+00
-2.245800000000000018e+00
-2.229600000000000026e+00
-2.211400000000000254e+00
-2.234999999999999432e+00
-2.254399999999999959e+00
-2.250999999999999890e+00
-2.240199999999999747e+00
-2.240799999999999681e+00
-2.238399999999999945e+00
-2.226599999999999469e+00
-2.234399999999999942e+00
-2.240800000000000125e+00
-2.250399999999999956e+00
-2.251400000000000290e+00
-2.203999999999999737e+00
-2.248600000000000154e+00
-2.213999999999999968e+00
-2.243599999999999817e+00
-2.240000000000000213e+00
-2.257600000000000051e+00
-2.233000000000000096e+00
-2.233799999999999564e+00
-2.236200000000000188e+00
-2.255199999999999427e+00
-2.217600000000000016e+00
-2.253400000000000070e+00
-2.254599999999999937e+00
-2.232600000000000140e+00
-2.236799999999999677e+00
-2.245599999999999596e+00
-2.225200000000000067e+00
-2.225799999999999557e+00
-2.239600000000000257e+00
-2.233400000000000496e+00
-2.251800000000000246e+00
-2.251399999999999846e+00
-2.224000000000000199e+00
-2.245599999999999596e+00
-2.256799999999999695e+00
-2.240799999999999681e+00
-2.227399999999999824e+00
-2.242800000000000349e+00
-2.240400000000000169e+00
-2.246199999999999974e+00
-2.210800000000000320e+00
-2.244600000000000151e+00
-2.236600000000000144e+00
-2.222800000000000331e+00
-2.234999999999999876e+00
-2.209600000000000009e+00
-2.226199999999999957e+00
-2.238999999999999879e+00
-2.241199999999999637e+00
-2.228800000000000114e+00
-2.229999999999999538e+00
-2.241999999999999993e+00
-2.250400000000000400e+00
-2.240799999999999237e+00
-2.248000000000000220e+00
-2.211999999999999744e+00
-2.234799999999999898e+00
-2.221799999999999553e+00
-2.240800000000000125e+00
-2.284799999999999720e+00
-2.248000000000000220e+00
-2.229000000000000092e+00
-2.250000000000000000e+00
-2.259199999999999431e+00
-2.217999999999999527e+00
-2.230599999999999916e+00
-2.247199999999999864e+00
-2.225799999999999557e+00
-2.238800000000000345e+00
-2.242799999999999905e+00
-2.221199999999999619e+00
-2.245199999999999640e+00
-2.232800000000000118e+00
-2.252400000000000180e+00
-2.229599999999999582e+00
-2.233999999999999986e+00
-2.222399999999999931e+00
-2.231399999999999828e+00
-2.208600000000000119e+00
-2.226999999999999869e+00
-2.221399999999999597e+00
-2.242999999999999883e+00
-2.246399999999999952e+00
-2.224399999999999711e+00
-2.247800000000000242e+00
-2.203400000000000247e+00
-2.214199999999999946e+00
-2.261000000000000121e+00
-2.238199999999999967e+00
-2.247399999999999842e+00
-2.245600000000000041e+00
-2.208200000000000163e+00
-2.221200000000000063e+00
-2.246599999999999486e+00
-2.221399999999999597e+00
-2.235599999999999810e+00
-2.237200000000000077e+00
-2.221999999999999531e+00
-2.245600000000000485e+00
-2.249000000000000554e+00
-2.225600000000000023e+00
-2.248200000000000198e+00
-2.235199999999999854e+00
-2.230999999999999872e+00
-2.249399999999999622e+00
-2.255599999999999827e+00
-2.229600000000000026e+00
-2.241000000000000103e+00
-2.239999999999999769e+00
-2.223199999999999843e+00
-2.222999999999999865e+00
-2.251599999999999824e+00
-2.219199999999999839e+00
-2.228800000000000114e+00
-2.236799999999999677e+00
-2.232199999999999740e+00
-2.216000000000000192e+00
-2.234200000000000408e+00
-2.235200000000000298e+00
-2.236400000000000166e+00
-2.227999999999999758e+00
-2.220400000000000151e+00
-2.220400000000000151e+00
-2.234199999999999520e+00
-2.224400000000000155e+00
-2.231400000000000272e+00
-2.240399999999999725e+00
-2.235199999999999854e+00
-2.223999999999999755e+00
-2.207800000000000207e+00
-2.246799999999999464e+00
-2.197400000000000020e+00
-2.250200000000000422e+00
-2.244600000000000151e+00
-2.246599999999999930e+00
-2.245999999999999996e+00
-2.251599999999999824e+00
-2.251199999999999868e+00
-2.246199999999999974e+00
-2.239200000000000301e+00
-2.228400000000000603e+00
-2.213999999999999968e+00
-2.237599999999999589e+00
-2.247399999999999842e+00
-2.260000000000000231e+00
-2.218400000000000372e+00
-2.224000000000000199e+00
-2.238799999999999457e+00
-2.224999999999999645e+00
-2.251999999999999780e+00
-2.251400000000000290e+00
-2.243199999999999861e+00
-2.212999999999999634e+00
-2.243200000000000305e+00
-2.213799999999999546e+00
-2.245200000000000085e+00
-2.231600000000000250e+00
-2.249400000000000066e+00
-2.234599999999999920e+00
-2.235199999999999854e+00
-2.234599999999999476e+00
-2.236199999999999743e+00
-2.230599999999999916e+00
-2.242799999999999905e+00
-2.237199999999999633e+00
-2.220799999999999663e+00
-2.231399999999999828e+00
-2.226600000000000357e+00
-2.239200000000000301e+00
-2.229999999999999982e+00
-2.252199999999999758e+00
-2.245800000000000018e+00
-2.247799999999999798e+00
-2.241999999999999993e+00
-2.237800000000000011e+00
-2.234599999999999920e+00
-2.243399999999999839e+00
-2.233600000000000030e+00
-2.231799999999999784e+00
-2.230400000000000382e+00
-2.244800000000000129e+00
-2.231799999999999784e+00
-2.256599999999999717e+00
-2.228000000000000203e+00
-2.257600000000000051e+00
-2.240200000000000191e+00
-2.232400000000000162e+00
-2.266799999999999926e+00
-2.254799999999999915e+00
-2.261000000000000121e+00
-2.230599999999999916e+00
-2.218199999999999505e+00
-2.220399999999999707e+00
-2.242200000000000415e+00
-2.232999999999999652e+00
-2.238999999999999879e+00
-2.239399999999999835e+00
-2.229600000000000470e+00
-2.241800000000000015e+00
-2.262599999999999945e+00
-2.241000000000000103e+00
-2.231999999999999762e+00
-2.233200000000000074e+00
-2.235400000000000276e+00
-2.245799999999999574e+00
-2.247399999999999842e+00
-2.237000000000000099e+00
-2.227199999999999847e+00
-2.262599999999999945e+00
-2.238599999999999479e+00
-2.227600000000000247e+00
-2.245000000000000107e+00
-2.217600000000000016e+00
-2.251999999999999780e+00
-2.251599999999999824e+00
-2.236400000000000166e+00
-2.251199999999999868e+00
-2.217600000000000016e+00
-2.213400000000000034e+00
-2.235199999999999854e+00
-2.235800000000000232e+00
-2.242600000000000371e+00
-2.235599999999999810e+00
-2.234399999999999942e+00
-2.224799999999999667e+00
-2.240399999999999725e+00
-2.237800000000000011e+00
-2.226999999999999869e+00
-2.246199999999999974e+00
-2.239399999999999835e+00
-2.244399999999999729e+00
-2.211400000000000254e+00
-2.246399999999999952e+00
-2.233400000000000052e+00
-2.236599999999999699e+00
-2.227800000000000225e+00
-2.213999999999999968e+00
-2.239599999999999813e+00
-2.242599999999999927e+00
-2.232400000000000162e+00
-2.219999999999999751e+00
-2.253000000000000114e+00
-2.256600000000000161e+00
-2.254199999999999982e+00
-2.271600000000000286e+00
-2.245999999999999996e+00
-2.237200000000000077e+00
-2.244600000000000151e+00
-2.246400000000000396e+00
-2.233800000000000008e+00
-2.226800000000000335e+00
-2.212599999999999678e+00
-2.209600000000000009e+00
-2.221800000000000441e+00
-2.237400000000000055e+00
-2.217000000000000082e+00
-2.216200000000000170e+00
-2.215999999999999748e+00
-2.252200000000000202e+00
-2.237400000000000055e+00
-2.239199999999999857e+00
-2.265800000000000036e+00
-2.233200000000000074e+00
-2.238599999999999923e+00
-2.224400000000000155e+00
-2.236000000000000210e+00
-2.247999999999999776e+00
-2.239800000000000235e+00
-2.235000000000000320e+00
-2.254599999999999937e+00
-2.235800000000000232e+00
-2.229000000000000092e+00
-2.234599999999999476e+00
-2.237600000000000033e+00
-2.234399999999999942e+00
-2.239200000000000301e+00
-2.223999999999999755e+00
-2.243599999999999817e+00
-2.262599999999999945e+00
-2.213599999999999568e+00
-2.243799999999999795e+00
-2.227999999999999758e+00
-2.229199999999999626e+00
-2.232799999999999674e+00
-2.229000000000000092e+00
-2.243599999999999817e+00
-2.228000000000000203e+00
-2.215799999999999770e+00
-2.235599999999999810e+00
-2.235599999999999810e+00
-2.229600000000000026e+00
-2.241800000000000459e+00
-2.243999999999999773e+00
-2.243599999999999817e+00
-2.245600000000000041e+00
-2.247999999999999776e+00
-2.233999999999999986e+00
-2.265200000000000102e+00
-2.256799999999999695e+00
-2.238399999999999945e+00
-2.245999999999999996e+00
-2.220199999999999729e+00
-2.239199999999999857e+00
-2.234599999999999920e+00
-2.261400000000000077e+00
-2.222400000000000375e+00
-2.253800000000000026e+00
-2.236200000000000188e+00
-2.233200000000000074e+00
-2.245600000000000041e+00
-2.233200000000000074e+00
-2.254000000000000004e+00
-2.232599999999999696e+00
-2.220399999999999707e+00
-2.231800000000000228e+00
-2.221400000000000041e+00
-2.255599999999999827e+00
-2.236400000000000166e+00
-2.226199999999999957e+00
-2.230999999999999428e+00
-2.221799999999999997e+00
-2.238999999999999879e+00
-2.247200000000000308e+00
-2.246599999999999930e+00
-2.226599999999999469e+00
-2.231800000000000228e+00
-2.228800000000000114e+00
-2.245199999999999640e+00
-2.231599999999999806e+00
-2.245999999999999996e+00
-2.222399999999999487e+00
-2.254999999999999893e+00
-2.238999999999999879e+00
-2.227800000000000225e+00
-2.233399999999999608e+00
-2.220799999999999663e+00
-2.254000000000000004e+00
-2.226999999999999869e+00
-2.215200000000000280e+00
-2.210399999999999920e+00
-2.253400000000000070e+00
-2.248000000000000220e+00
-2.253199999999999648e+00
-2.232400000000000162e+00
-2.242200000000000415e+00
-2.227599999999999802e+00
-2.233399999999999608e+00
-2.228799999999999670e+00
