7.171401049281965756e-01
4.495809203551983102e-01
2.744036607766669356e+00
1.331489974541752552e+00
2.353849543555783352e+00
3.610465470049854186e+00
-2.115559172585715242e+00
-1.287598870121013650e-01
-6.790716320439517117e-01
-2.384409582378443915e+00
-2.413970215763507010e+00
-4.543876555193476996e+00
2.552542526925461797e+00
5.377526081783127410e+00
-2.603981554348846039e+00
2.203544484204583487e+00
-2.487922215731545705e+00
-2.075705731790194741e-01
-2.870753441807672335e+00
2.278345669302851983e-01
6.734145045815761454e-01
5.324941274742474029e+00
4.967542171014351915e+00
3.445146648618601759e+00
5.457341971690492510e-01
-1.769511258279919730e+00
-4.543802841650602886e+00
3.482447835638215139e+00
-3.702683542786328719e+00
-1.417661326252484644e+00
-3.739092317242896923e-01
-2.731951209488872045e+00
-1.589574717864516540e+00
3.526351077668991696e+00
-1.320075867297590300e+00
1.295125964852372968e+00
3.267453065022003500e+00
-1.536935910301608477e+00
-1.524917775434854850e+00
5.223491327824465458e+00
