4.495999999999999441e-01
2.281999999999999862e-01
-5.680000000000016980e-02
-3.056000000000001493e-01
-5.604000000000001203e-01
-7.428000000000001268e-01
-9.991999999999997550e-01
-1.195400000000000240e+00
-1.357399999999999940e+00
-1.543400000000000105e+00
-1.643999999999999684e+00
-1.861600000000000144e+00
-2.026200000000000223e+00
-2.123800000000000132e+00
-2.253999999999999559e+00
-2.397400000000000198e+00
-2.538600000000000190e+00
-2.698200000000000820e+00
-2.804000000000000270e+00
-2.973600000000000243e+00
-3.014799999999999702e+00
-3.083800000000000097e+00
-3.173999999999999488e+00
-3.213599999999999568e+00
-3.293800000000000061e+00
-3.373999999999999666e+00
-3.317799999999999638e+00
-3.417799999999999727e+00
-3.412999999999999812e+00
-3.426000000000000156e+00
-3.455399999999999583e+00
-3.511200000000000099e+00
-3.492999999999999883e+00
-3.473199999999999399e+00
-3.508999999999999453e+00
-3.528999999999999915e+00
-3.510200000000000209e+00
-3.560800000000000409e+00
-3.560799999999999521e+00
-3.558399999999999785e+00
-3.619200000000000195e+00
-3.528200000000000447e+00
-3.589599999999999014e+00
-3.543399999999999217e+00
-3.599000000000000643e+00
-3.586799999999999322e+00
-3.540000000000000036e+00
-3.590799999999999770e+00
-3.518399999999999750e+00
-3.612599999999999589e+00
-3.578800000000000203e+00
-3.551600000000000534e+00
-3.586999999999999744e+00
-3.543999999999999595e+00
-3.544599999999999973e+00
-3.634200000000000763e+00
-3.649799999999999489e+00
-3.599199999999999733e+00
-3.679400000000000226e+00
-3.647400000000000198e+00
-3.570199999999999818e+00
-3.621199999999999974e+00
-3.540999999999999481e+00
-3.624200000000000088e+00
-3.597599999999999909e+00
-3.606799999999999784e+00
-3.662600000000000300e+00
-3.636000000000000565e+00
-3.630000000000000338e+00
-3.595600000000000573e+00
-3.583999999999999631e+00
-3.628800000000000470e+00
-3.605599999999999028e+00
-3.582400000000000695e+00
-3.608999999999999986e+00
-3.607999999999999652e+00
-3.598200000000000287e+00
-3.613399999999999501e+00
-3.623400000000000176e+00
-3.596799999999999997e+00
-3.636400000000000077e+00
-3.628400000000000070e+00
-3.661000000000000032e+00
-3.639199999999999768e+00
-3.652800000000000047e+00
-3.685399999999999565e+00
-3.650199999999999889e+00
-3.628399999999999181e+00
-3.621999999999999442e+00
-3.597000000000000419e+00
-3.645400000000000418e+00
-3.637599999999999945e+00
-3.649199999999999555e+00
-3.666399999999998993e+00
-3.622000000000000330e+00
-3.651799999999999713e+00
-3.656600000000000517e+00
-3.654000000000000359e+00
-3.653599999999999959e+00
-3.653399999999999537e+00
-3.690199999999999481e+00
-3.676400000000000112e+00
-3.588399999999999590e+00
-3.620200000000000529e+00
-3.638000000000000345e+00
-3.667600000000000193e+00
-3.702399999999999913e+00
-3.684199999999998809e+00
-3.653599999999999959e+00
-3.651600000000000179e+00
-3.676999999999999602e+00
-3.638799999999999812e+00
-3.640000000000000568e+00
-3.621200000000000419e+00
-3.693600000000000438e+00
-3.637999999999999901e+00
-3.686799999999999855e+00
-3.694399999999999906e+00
-3.652000000000000135e+00
-3.633400000000000851e+00
-3.554400000000000226e+00
-3.683199999999999807e+00
-3.693799999999999528e+00
-3.617800000000000349e+00
-3.687199999999999811e+00
-3.709000000000000963e+00
-3.683400000000000674e+00
-3.662600000000000300e+00
-3.646000000000000796e+00
-3.647799999999999265e+00
-3.649399999999999089e+00
-3.630200000000000315e+00
-3.672800000000000065e+00
-3.687200000000000699e+00
-3.654200000000000337e+00
-3.679600000000000648e+00
-3.702400000000001246e+00
-3.691199999999999370e+00
-3.651199999999999335e+00
-3.729400000000000048e+00
-3.649799999999999933e+00
-3.687399999999999345e+00
-3.659599999999999298e+00
-3.651399999999999757e+00
-3.680799999999999628e+00
-3.642000000000000348e+00
-3.663399999999999324e+00
-3.651600000000000179e+00
-3.660599999999999632e+00
-3.733400000000000052e+00
-3.719999999999999751e+00
-3.656400000000000539e+00
-3.703599999999999781e+00
-3.698000000000000398e+00
-3.702200000000001268e+00
-3.616600000000000037e+00
-3.661599999999999522e+00
-3.670200000000001239e+00
-3.704800000000000093e+00
-3.695399999999999796e+00
-3.690199999999999037e+00
-3.667200000000000237e+00
-3.746199999999999974e+00
-3.704600000000000115e+00
-3.701400000000000023e+00
-3.740199999999999747e+00
-3.660000000000000142e+00
-3.675400000000000222e+00
-3.709600000000000453e+00
-3.693599999999999994e+00
-3.694199999999999484e+00
-3.672199999999999243e+00
-3.686599999999999433e+00
-3.678399999999999004e+00
-3.704600000000000559e+00
-3.786400000000000876e+00
-3.698599999999999888e+00
-3.735999999999999766e+00
-3.757800000000000473e+00
-3.721599999999999575e+00
-3.631799999999999695e+00
-3.707200000000000273e+00
-3.677400000000000446e+00
-3.732200000000000184e+00
-3.653799999999999493e+00
-3.668000000000000149e+00
-3.609199999999999964e+00
-3.688800000000000523e+00
-3.655000000000000249e+00
-3.699599999999999334e+00
-3.737999999999999545e+00
-3.753200000000000092e+00
-3.737400000000000500e+00
-3.711600000000000232e+00
-3.672200000000000131e+00
-3.726599999999999913e+00
-3.745999999999999552e+00
-3.663000000000000256e+00
-3.723199999999999399e+00
-3.696000000000000618e+00
-3.737800000000000011e+00
-3.691599999999999326e+00
-3.634200000000001651e+00
-3.772000000000000242e+00
-3.719399999999998485e+00
-3.698399999999999466e+00
-3.711799999999999766e+00
-3.712600000000000122e+00
-3.722999999999999865e+00
-3.744799999999999685e+00
-3.704400000000000581e+00
-3.646400000000000752e+00
-3.738999999999999879e+00
-3.690399999999999903e+00
-3.678799999999999848e+00
-3.744400000000000617e+00
-3.758999999999999453e+00
-3.670600000000000307e+00
-3.709600000000000897e+00
-3.724199999999999289e+00
-3.730799999999999894e+00
-3.767800000000000260e+00
-3.758600000000000385e+00
-3.650800000000000267e+00
-3.730599999999999916e+00
-3.719199999999999839e+00
-3.748000000000000220e+00
-3.766399999999999970e+00
-3.765400000000000524e+00
-3.750799999999999912e+00
-3.734999999999999876e+00
-3.713200000000000056e+00
-3.693400000000001349e+00
-3.751799999999999358e+00
-3.727000000000000313e+00
-3.739999999999999325e+00
-3.740200000000000635e+00
-3.770199999999999996e+00
-3.757199999999999207e+00
-3.783800000000000274e+00
-3.753999999999999559e+00
-3.692400000000000126e+00
-3.729200000000000514e+00
-3.711800000000000210e+00
-3.711000000000000298e+00
-3.717600000000000016e+00
-3.764200000000000212e+00
-3.757399999999998741e+00
-3.789000000000000590e+00
-3.640399999999999636e+00
-3.722400000000000375e+00
-3.736799999999999677e+00
-3.784400000000000208e+00
-3.741400000000000503e+00
-3.689999999999999503e+00
-3.737199999999999633e+00
-3.734399999999999942e+00
-3.699799999999999756e+00
-3.780800000000000161e+00
-3.718799999999999883e+00
-3.734799999999999898e+00
-3.730999999999999872e+00
-3.746599999999999930e+00
-3.727200000000000735e+00
-3.716000000000000192e+00
-3.720599999999999241e+00
-3.748800000000000132e+00
-3.710800000000000320e+00
-3.738199999999999523e+00
-3.735800000000000232e+00
-3.732999999999999652e+00
-3.716799999999999216e+00
-3.760400000000000187e+00
-3.768000000000000238e+00
-3.754400000000000404e+00
-3.728599999999999248e+00
-3.733999999999999098e+00
-3.719399999999999373e+00
-3.705600000000000005e+00
-3.683799999999999297e+00
-3.742999999999999439e+00
-3.738800000000000789e+00
-3.703799999999999315e+00
-3.716600000000000570e+00
-3.721799999999999997e+00
-3.756199999999999761e+00
-3.703600000000000669e+00
-3.778000000000000469e+00
-3.716999999999999638e+00
-3.711399999999999810e+00
-3.753200000000000980e+00
-3.729800000000000004e+00
-3.761199999999999655e+00
-3.744600000000000151e+00
-3.738599999999999923e+00
-3.773199999999999665e+00
-3.754399999999999515e+00
-3.737399999999999611e+00
-3.760800000000000143e+00
-3.719199999999999839e+00
-3.748600000000000154e+00
-3.713399999999999146e+00
-3.723199999999999843e+00
-3.751800000000000246e+00
-3.753000000000000114e+00
-3.752800000000000580e+00
-3.757599999999999607e+00
-3.773200000000000109e+00
-3.770599999999999952e+00
-3.744199999999999307e+00
-3.728600000000000581e+00
-3.817799999999999194e+00
-3.771399999999999864e+00
-3.737399999999999611e+00
-3.733600000000000030e+00
-3.716000000000000192e+00
-3.706800000000000317e+00
-3.735799999999999343e+00
-3.723399999999999821e+00
-3.721400000000000929e+00
-3.789000000000000590e+00
-3.745000000000000107e+00
-3.739399999999999835e+00
-3.739999999999999769e+00
-3.755199999999999427e+00
-3.721000000000000085e+00
-3.731799999999999784e+00
-3.716599999999999682e+00
-3.750200000000000422e+00
-3.744600000000000151e+00
-3.746400000000001285e+00
-3.736599999999999255e+00
-3.742000000000000881e+00
-3.746599999999999930e+00
-3.747399999999999842e+00
-3.760599999999999277e+00
-3.768799999999998818e+00
-3.756799999999999251e+00
-3.728599999999999248e+00
-3.715999999999999748e+00
-3.761200000000000543e+00
-3.787399999999999878e+00
-3.771800000000000708e+00
-3.753799999999999137e+00
-3.758600000000000385e+00
-3.770600000000000840e+00
-3.719800000000000217e+00
-3.737199999999998745e+00
-3.802600000000000424e+00
-3.783400000000000318e+00
-3.750000000000000000e+00
-3.782399999999999540e+00
-3.766400000000000414e+00
-3.774799999999999933e+00
-3.745200000000000529e+00
-3.754000000000000004e+00
-3.815000000000000391e+00
-3.763799999999999812e+00
-3.779199999999999449e+00
-3.746799999999999464e+00
-3.802000000000000046e+00
-3.750199999999999978e+00
-3.773399999999999643e+00
-3.707399999999999807e+00
-3.738399999999999945e+00
-3.771799999999999375e+00
-3.844600000000001128e+00
-3.776399999999999757e+00
-3.699200000000001154e+00
-3.768199999999999772e+00
-3.763799999999998924e+00
-3.790599999999999525e+00
-3.745600000000000041e+00
-3.756599999999999717e+00
-3.758999999999999897e+00
-3.792400000000000659e+00
-3.755399999999999849e+00
-3.795599999999998975e+00
-3.778599999999999959e+00
-3.745400000000000951e+00
-3.768399999999999306e+00
-3.733400000000000052e+00
-3.759800000000000253e+00
-3.788800000000000168e+00
-3.735599999999999810e+00
-3.755200000000000760e+00
-3.810400000000000009e+00
-3.745399999999999618e+00
-3.786600000000000854e+00
-3.773200000000000998e+00
-3.767599999999999838e+00
-3.756600000000000161e+00
-3.728799999999999670e+00
-3.732199999999999740e+00
-3.726200000000000401e+00
-3.800800000000000622e+00
-3.768799999999999706e+00
-3.764800000000000146e+00
-3.788000000000000256e+00
-3.790600000000000414e+00
-3.767800000000000260e+00
-3.785999999999999588e+00
-3.817600000000000104e+00
-3.754800000000000360e+00
-3.793399999999999661e+00
-3.826200000000000045e+00
-3.723399999999999377e+00
-3.796800000000000175e+00
-3.815599999999999881e+00
-3.809400000000000119e+00
-3.753199999999999648e+00
-3.783800000000000274e+00
-3.794999999999999929e+00
-3.793599999999999195e+00
-3.804600000000000648e+00
-3.808000000000000718e+00
-3.804000000000000270e+00
-3.798200000000000465e+00
-3.779799999999999827e+00
-3.772199999999999775e+00
-3.794599999999999973e+00
-3.812800000000001077e+00
-3.791399999999999437e+00
-3.805600000000000094e+00
-3.720000000000001084e+00
-3.775400000000000311e+00
-3.839599999999999458e+00
-3.764599999999999280e+00
-3.791600000000000303e+00
-3.734399999999999942e+00
-3.801200000000000578e+00
-3.779399999999999871e+00
-3.725400000000000489e+00
-3.792399999999999771e+00
-3.738000000000000878e+00
-3.788600000000000634e+00
-3.772999999999999687e+00
-3.748799999999999244e+00
-3.802799999999999514e+00
-3.784199999999999786e+00
-3.770999999999999908e+00
-3.788399999999999324e+00
-3.836599999999999788e+00
-3.807000000000000384e+00
-3.814000000000000501e+00
-3.773200000000000109e+00
-3.816799999999999748e+00
-3.740400000000000169e+00
-3.725800000000000889e+00
-3.830600000000000449e+00
-3.782599999999999518e+00
-3.805800000000000516e+00
-3.773200000000000109e+00
-3.864399999999999835e+00
-3.814799999999999969e+00
-3.776400000000000201e+00
-3.749600000000000044e+00
-3.820000000000000284e+00
-3.720000000000000195e+00
-3.758999999999999009e+00
-3.816600000000000215e+00
-3.826799999999999535e+00
-3.809400000000000119e+00
-3.798200000000000465e+00
-3.799200000000000355e+00
-3.793600000000000527e+00
-3.835599999999999898e+00
-3.779199999999999449e+00
-3.828999999999999293e+00
-3.865000000000000213e+00
-3.829200000000000159e+00
-3.754000000000001336e+00
-3.766199999999999104e+00
-3.801799999999999624e+00
-3.788799999999999280e+00
-3.840600000000000236e+00
-3.799400000000000333e+00
-3.792200000000000237e+00
-3.792599999999999749e+00
-3.771399999999999864e+00
-3.807200000000001694e+00
-3.812599999999999323e+00
-3.789000000000000146e+00
-3.829399999999999693e+00
-3.781000000000000139e+00
-3.733600000000000030e+00
-3.794800000000000839e+00
-3.791399999999999881e+00
-3.760800000000000143e+00
-3.820800000000000196e+00
-3.794599999999999973e+00
-3.845600000000000129e+00
-3.880199999999999871e+00
-3.785399999999999654e+00
-3.833800000000000097e+00
-3.842999999999999972e+00
-3.807400000000000340e+00
-3.758199999999999985e+00
-3.791400000000000325e+00
-3.808600000000001096e+00
